946 3240
1 81 100
1 204 -100
1 242 -100
1 676 -100
1 719 -100
1 923 -100
2 81 -44
2 141 -100
2 384 -100
2 407 -100
2 862 -100
2 884 -100
3 81 100
3 326 -100
3 331 -100
3 507 -100
3 705 -100
3 797 -100
4 81 -44
4 90 -100
4 543 -100
4 894 -100
4 927 -100
5 81 100
5 121 -100
5 255 -100
5 467 -100
5 682 -100
5 703 -100
6 81 -44
6 113 -100
6 336 -100
6 363 -100
6 535 -100
6 895 -100
7 24 -100
7 81 -44
7 452 -100
7 584 -100
7 698 -100
7 854 -100
8 29 -100
8 81 -44
8 229 -100
8 908 -100
8 924 -100
9 81 100
9 144 -100
9 311 -100
9 426 -100
9 618 -100
10 81 -44
10 314 -100
10 324 -100
10 531 -100
10 664 -100
10 672 -100
11 81 100
11 265 -100
11 360 -100
11 364 -100
11 516 -100
11 611 -100
12 81 100
12 121 -100
12 255 -100
12 467 -100
12 651 -100
12 703 -100
13 81 -44
13 130 -100
13 553 -100
13 686 -100
13 853 -100
14 81 -44
14 315 -100
14 355 -100
14 400 -100
14 700 -100
14 872 -100
15 81 -44
15 489 -100
15 494 -100
15 710 -100
15 837 -100
15 843 -100
16 81 -44
16 182 -100
16 488 -100
16 602 -100
16 626 -100
16 674 -100
17 49 -100
17 81 100
17 112 -100
17 282 -100
17 352 -100
17 463 -100
17 769 100
18 81 -44
18 232 -100
18 330 -100
18 693 -100
18 752 -100
19 81 100
19 120 -100
19 402 -100
19 699 -100
19 807 -100
19 813 100
19 825 -100
20 62 -100
20 81 100
20 491 -100
20 610 -100
20 679 -100
20 822 -100
21 81 100
21 194 -100
21 204 -100
21 242 -100
21 719 -100
21 923 -100
22 81 100
22 140 -100
22 215 -100
22 260 -100
22 322 100
22 644 -100
23 81 -44
23 522 -100
23 529 -100
23 591 -100
23 915 -100
23 945 -100
24 81 -44
24 366 -100
24 788 -100
24 792 -100
25 49 -100
25 81 100
25 112 -100
25 282 -100
25 352 -100
25 555 100
25 720 -100
26 81 -44
26 194 -100
26 451 -100
26 676 -100
27 61 -100
27 74 -100
27 81 -44
27 316 -100
27 339 -100
28 81 100
28 93 -100
28 325 -100
28 463 -100
28 720 -100
28 890 -100
29 81 -44
29 105 -100
29 212 -100
29 621 -100
29 773 -100
30 36 100
30 55 -100
30 81 100
30 389 -100
30 715 -100
30 761 -100
30 882 -100
31 81 -44
31 383 -100
31 534 -100
31 539 -100
31 765 -100
31 796 -100
32 81 -44
32 347 -100
32 649 -100
32 695 -100
32 842 -100
33 81 -44
33 175 -100
33 227 -100
33 454 -100
33 479 -100
34 81 100
34 133 -100
34 161 -100
34 206 -100
34 298 -100
34 571 -100
35 81 -44
35 113 -100
35 336 -100
35 363 -100
35 895 -100
35 939 -100
36 81 100
36 209 -100
36 214 -100
36 458 -100
36 684 -100
36 820 -100
37 79 -100
37 81 -44
37 261 -100
37 606 -100
37 875 -100
38 55 -100
38 81 100
38 389 -100
38 678 100
38 761 -100
38 882 -100
38 888 -100
39 66 -100
39 81 -44
39 115 -100
39 501 -100
40 43 -100
40 81 100
40 317 -100
40 417 -100
40 641 -100
40 695 -100
41 81 -44
41 97 -100
41 179 -100
41 688 -100
41 812 -100
42 81 -44
42 423 -100
42 604 -100
42 648 -100
42 907 -100
42 942 -100
43 81 100
43 117 -100
43 278 -100
43 456 -100
43 748 -100
43 790 -100
44 81 100
44 316 -100
44 357 -100
44 554 -100
44 685 -100
44 899 -100
45 81 -44
45 85 -100
45 207 -100
45 246 -100
45 708 -100
46 63 -100
46 81 -44
46 205 -100
46 273 -100
46 789 -100
46 901 -100
47 81 100
47 440 -100
47 694 -100
47 716 -100
47 803 -100
48 81 100
48 309 -100
48 320 -100
48 536 -100
48 570 -100
48 851 -100
48 876 -100
49 81 100
49 399 -100
49 422 -100
49 724 -100
49 725 -100
50 81 -44
50 295 -100
50 832 -100
50 871 -100
51 81 100
51 144 -100
51 311 -100
51 426 -100
51 883 -100
52 81 -44
52 184 -100
52 272 -100
52 385 -100
52 655 -100
52 733 -100
53 81 -44
53 135 -100
53 310 -100
53 622 -100
53 904 -100
54 81 -44
54 138 -100
54 216 -100
54 223 -100
54 251 -100
54 453 -100
55 81 100
55 365 -100
55 553 -100
55 600 -100
56 81 -44
56 552 -100
56 663 -100
56 768 -100
56 852 -100
57 69 -100
57 81 100
57 258 100
57 635 -100
57 650 -100
57 703 100
57 833 -100
58 81 100
58 158 -100
58 192 -100
58 259 -100
58 431 -100
58 896 100
58 909 -100
59 81 -44
59 313 -100
59 455 -100
59 662 -100
59 864 -100
60 81 -44
60 423 -100
60 604 -100
60 648 -100
60 657 -100
60 907 -100
61 81 -44
61 577 -100
61 598 -100
61 631 -100
61 740 -100
62 81 100
62 106 -100
62 230 -100
62 396 -100
62 807 -100
62 860 -100
63 81 -44
63 99 -100
63 406 -100
63 750 -100
64 81 -44
64 354 -100
64 466 -100
64 511 -100
64 574 -100
64 691 -100
65 81 -44
65 137 -100
65 143 -100
65 266 -100
65 717 -100
65 911 -100
66 81 -44
66 238 -100
66 305 -100
66 759 -100
67 81 -44
67 253 -100
67 721 -100
67 819 -100
67 857 -100
68 81 -44
68 520 -100
68 545 -100
68 687 -100
68 822 -100
69 81 100
69 126 -100
69 128 -100
69 267 -100
69 768 -100
70 81 -44
70 142 -100
70 210 -100
70 338 -100
70 941 -100
71 81 100
71 107 100
71 386 -100
71 526 -100
71 801 -100
71 922 -100
71 936 -100
72 81 100
72 220 100
72 416 -100
72 647 -100
72 720 100
72 799 -100
72 885 -100
73 81 100
73 331 -100
73 507 -100
73 705 -100
73 797 -100
73 817 -100
74 81 -44
74 119 -100
74 598 -100
74 631 -100
74 740 -100
75 81 100
75 381 -100
75 516 -100
75 694 100
75 865 -100
76 81 100
76 193 100
76 202 -100
76 344 -100
76 442 -100
76 465 -100
76 530 -100
77 81 -44
77 254 -100
77 527 -100
77 575 -100
77 820 -100
78 81 100
78 164 -100
78 237 -100
78 274 -100
78 289 -100
78 392 -100
78 727 -100
79 81 -44
79 228 -100
79 476 -100
79 485 -100
79 859 -100
80 81 100
80 440 -100
80 629 -100
80 694 -100
80 803 -100
81 82 100
81 83 -44
81 84 100
81 85 -44
81 86 -44
81 87 -44
81 88 100
81 89 100
81 90 -44
81 91 -44
81 92 -44
81 93 -44
81 94 -44
81 95 100
81 96 -44
81 97 -44
81 98 100
81 99 -44
81 100 -44
81 101 100
81 102 100
81 103 100
81 104 -44
81 105 -44
81 106 100
81 107 100
81 108 -44
81 109 100
81 110 100
81 111 100
81 112 100
81 113 -44
81 114 100
81 115 -44
81 116 100
81 117 100
81 118 100
81 119 100
81 120 100
81 121 100
81 122 -44
81 123 100
81 124 -44
81 125 100
81 126 100
81 127 -44
81 128 100
81 129 -44
81 130 -44
81 131 -44
81 132 100
81 133 100
81 134 -44
81 135 -44
81 136 -44
81 137 -44
81 138 100
81 139 100
81 140 100
81 141 -44
81 142 -44
81 143 -44
81 144 100
81 145 100
81 146 100
81 147 -44
81 148 100
81 149 100
81 150 -44
81 151 -44
81 152 -44
81 153 100
81 154 -44
81 155 -44
81 156 100
81 157 100
81 158 100
81 159 100
81 160 -44
81 161 -44
81 162 100
81 163 -44
81 164 100
81 165 100
81 166 100
81 167 -44
81 168 -44
81 169 100
81 170 100
81 171 100
81 172 -44
81 173 100
81 174 100
81 175 -44
81 176 100
81 177 -44
81 178 100
81 179 -44
81 180 100
81 181 -44
81 182 100
81 183 -44
81 184 -44
81 185 100
81 186 -44
81 187 -44
81 188 -44
81 189 -44
81 190 100
81 191 -44
81 192 100
81 193 100
81 194 -44
81 195 100
81 196 100
81 197 100
81 198 -44
81 199 -44
81 200 -44
81 201 100
81 202 100
81 203 -44
81 204 100
81 205 -44
81 206 100
81 207 -44
81 208 100
81 209 100
81 210 -44
81 211 -44
81 212 -44
81 213 -44
81 214 100
81 215 100
81 216 -44
81 217 100
81 218 -44
81 219 -44
81 220 100
81 221 100
81 222 -44
81 223 -44
81 224 -44
81 225 -44
81 226 -44
81 227 -44
81 228 -44
81 229 -44
81 230 100
81 231 100
81 232 -44
81 233 100
81 234 -44
81 235 100
81 236 100
81 237 100
81 238 -44
81 239 100
81 240 100
81 241 100
81 242 100
81 243 -44
81 244 100
81 245 -44
81 246 -44
81 247 -44
81 248 -44
81 249 100
81 250 100
81 251 -44
81 252 100
81 253 -44
81 254 -44
81 255 100
81 256 -44
81 257 100
81 258 100
81 259 100
81 260 100
81 261 -44
81 262 100
81 263 -44
81 264 -44
81 265 100
81 266 -44
81 267 100
81 268 100
81 269 -44
81 270 100
81 271 -44
81 272 -44
81 273 100
81 274 100
81 275 -44
81 276 100
81 277 -44
81 278 100
81 279 100
81 280 100
81 281 100
81 282 100
81 283 100
81 284 100
81 285 100
81 286 100
81 287 100
81 288 100
81 289 100
81 290 100
81 291 100
81 292 100
81 293 -44
81 294 -44
81 295 -44
81 296 100
81 297 100
81 298 100
81 299 100
81 300 -44
81 301 100
81 302 100
81 303 -44
81 304 100
81 305 100
81 306 100
81 307 -44
81 308 -44
81 309 100
81 310 -44
81 311 100
81 312 100
81 313 100
81 314 -44
81 315 -44
81 316 -44
81 317 100
81 318 -44
81 319 100
81 320 100
81 321 100
81 322 100
81 323 100
81 324 -44
81 325 100
81 326 -44
81 327 100
81 328 100
81 329 100
81 330 -44
81 331 100
81 332 100
81 333 100
81 334 100
81 335 100
81 336 -44
81 337 100
81 338 -44
81 339 -44
81 340 -44
81 341 -44
81 342 100
81 343 -44
81 344 100
81 345 100
81 346 100
81 347 -44
81 348 100
81 349 100
81 350 100
81 351 100
81 352 100
81 353 100
81 354 -44
81 355 -44
81 356 -44
81 357 100
81 358 100
81 359 -44
81 360 100
81 361 -44
81 362 -44
81 363 -44
81 364 100
81 365 100
81 366 -44
81 367 -44
81 368 100
81 369 -44
81 370 -44
81 371 100
81 372 100
81 373 100
81 374 100
81 375 -44
81 376 -44
81 377 100
81 378 100
81 379 100
81 380 100
81 381 100
81 382 100
81 383 -44
81 384 -44
81 385 -44
81 386 100
81 387 -44
81 388 -44
81 389 100
81 390 100
81 391 -44
81 392 100
81 393 -44
81 394 100
81 395 100
81 396 100
81 397 100
81 398 100
81 399 100
81 400 -44
81 401 -44
81 402 100
81 403 100
81 404 100
81 405 100
81 406 -44
81 407 -44
81 408 -44
81 409 -44
81 410 100
81 411 100
81 412 -44
81 413 100
81 414 -44
81 415 -44
81 416 100
81 417 100
81 418 100
81 419 100
81 420 100
81 421 -44
81 422 100
81 423 -44
81 424 100
81 425 100
81 426 100
81 427 -44
81 428 100
81 429 -44
81 430 100
81 431 100
81 432 100
81 433 100
81 434 -44
81 435 -44
81 436 100
81 437 100
81 438 100
81 439 -44
81 440 100
81 441 100
81 442 100
81 443 -44
81 444 -44
81 445 -44
81 446 -44
81 447 -44
81 448 100
81 449 -44
81 450 -44
81 451 -44
81 452 -44
81 453 -44
81 454 -44
81 455 -44
81 456 100
81 457 100
81 458 100
81 459 -44
81 460 -44
81 461 100
81 462 -44
81 463 100
81 464 -44
81 465 -44
81 466 100
81 467 100
81 468 -44
81 469 -44
81 470 -44
81 471 100
81 472 100
81 473 100
81 474 -44
81 475 100
81 476 100
81 477 100
81 478 -44
81 479 -44
81 480 100
81 481 100
81 482 100
81 483 -44
81 484 100
81 485 -44
81 486 100
81 487 -44
81 488 -44
81 489 -44
81 490 -44
81 491 100
81 492 -44
81 493 100
81 494 100
81 495 -44
81 496 100
81 497 100
81 498 -44
81 499 -44
81 500 100
81 501 -44
81 502 100
81 503 -44
81 504 100
81 505 100
81 506 100
81 507 100
81 508 -44
81 509 100
81 510 100
81 511 -44
81 512 100
81 513 100
81 514 -44
81 515 -44
81 516 100
81 517 -44
81 518 100
81 519 -44
81 520 -44
81 521 100
81 522 -44
81 523 -44
81 524 -44
81 525 100
81 526 100
81 527 -44
81 528 -44
81 529 100
81 530 100
81 531 -44
81 532 -44
81 533 -44
81 534 100
81 535 100
81 536 100
81 537 100
81 538 100
81 539 -44
81 540 100
81 541 -44
81 542 100
81 543 -44
81 544 -44
81 545 -44
81 546 100
81 547 100
81 548 -44
81 549 100
81 550 -44
81 551 -44
81 552 -44
81 553 -44
81 554 100
81 555 100
81 556 -44
81 557 -44
81 558 100
81 559 -44
81 560 -44
81 561 100
81 562 -44
81 563 100
81 564 -44
81 565 100
81 566 -44
81 567 100
81 568 100
81 569 100
81 570 100
81 571 100
81 572 100
81 573 -44
81 574 -44
81 575 -44
81 576 100
81 577 100
81 578 -44
81 579 -44
81 580 100
81 581 100
81 582 100
81 583 -44
81 584 -44
81 585 -44
81 586 100
81 587 100
81 588 -44
81 589 -44
81 590 100
81 591 -44
81 592 100
81 593 -44
81 594 100
81 595 -44
81 596 100
81 597 -44
81 598 -44
81 599 -44
81 600 100
81 601 100
81 602 -44
81 603 -44
81 604 -44
81 605 -44
81 606 -44
81 607 -44
81 608 100
81 609 100
81 610 100
81 611 -44
81 612 100
81 613 100
81 614 100
81 615 100
81 616 -44
81 617 -44
81 618 -44
81 619 -44
81 620 -44
81 621 -44
81 622 -44
81 623 100
81 624 100
81 625 -44
81 626 -44
81 627 100
81 628 -44
81 629 100
81 630 -44
81 631 -44
81 632 -44
81 633 -44
81 634 100
81 635 100
81 636 100
81 637 -44
81 638 100
81 639 100
81 640 -44
81 641 100
81 642 -44
81 643 -44
81 644 100
81 645 -44
81 646 100
81 647 100
81 648 -44
81 649 -44
81 650 100
81 651 -44
81 652 -44
81 653 100
81 654 100
81 655 -44
81 656 100
81 657 100
81 658 100
81 659 -44
81 660 -44
81 661 -44
81 662 -44
81 663 -44
81 664 -44
81 665 -44
81 666 -44
81 667 -44
81 668 100
81 669 100
81 670 -44
81 671 -44
81 672 100
81 673 100
81 674 -44
81 675 100
81 676 -44
81 677 -44
81 678 100
81 679 100
81 680 -44
81 681 -44
81 682 -44
81 683 100
81 684 100
81 685 100
81 686 -44
81 687 -44
81 688 -44
81 689 100
81 690 100
81 691 -44
81 692 100
81 693 -44
81 694 100
81 695 -44
81 696 100
81 697 -44
81 698 100
81 699 100
81 700 -44
81 701 100
81 702 100
81 703 100
81 704 100
81 705 100
81 706 -44
81 707 100
81 708 -44
81 709 100
81 710 -44
81 711 -44
81 712 100
81 713 100
81 714 -44
81 715 100
81 716 100
81 717 -44
81 718 100
81 719 100
81 720 100
81 721 -44
81 722 100
81 723 100
81 724 100
81 725 100
81 726 100
81 727 100
81 728 -44
81 729 -44
81 730 -44
81 731 100
81 732 100
81 733 100
81 734 100
81 735 100
81 736 -44
81 737 -44
81 738 -44
81 739 100
81 740 -44
81 741 100
81 742 100
81 743 -44
81 744 -44
81 745 100
81 746 100
81 747 100
81 748 100
81 749 -44
81 750 -44
81 751 100
81 752 -44
81 753 -44
81 754 -44
81 755 100
81 756 100
81 757 100
81 758 100
81 759 -44
81 760 -44
81 761 100
81 762 100
81 763 100
81 764 -44
81 765 -44
81 766 -44
81 767 -44
81 768 -44
81 769 100
81 770 100
81 771 100
81 772 100
81 773 100
81 774 -44
81 775 -44
81 776 -44
81 777 -44
81 778 -44
81 779 100
81 780 100
81 781 100
81 782 -44
81 783 100
81 784 -44
81 785 100
81 786 -44
81 787 -44
81 788 -44
81 789 -44
81 790 100
81 791 100
81 792 -44
81 793 -44
81 794 -44
81 795 100
81 796 -44
81 797 100
81 798 100
81 799 100
81 800 100
81 801 100
81 802 100
81 803 100
81 804 100
81 805 -44
81 806 -44
81 807 100
81 808 -44
81 809 100
81 810 -44
81 811 100
81 812 -44
81 813 100
81 814 100
81 815 100
81 816 -44
81 817 -44
81 818 -44
81 819 -44
81 820 100
81 821 -44
81 822 -44
81 823 -44
81 824 100
81 825 -44
81 826 -44
81 827 -44
81 828 100
81 829 -44
81 830 -44
81 831 -44
81 832 -44
81 833 100
81 834 100
81 835 100
81 836 -44
81 837 -44
81 838 100
81 839 -44
81 840 100
81 841 -44
81 842 -44
81 843 -44
81 844 100
81 845 -44
81 846 -44
81 847 100
81 848 100
81 849 -44
81 850 -44
81 851 100
81 852 -44
81 853 -44
81 854 -44
81 855 -44
81 856 100
81 857 -44
81 858 100
81 859 -44
81 860 100
81 861 -44
81 862 -44
81 863 100
81 864 -44
81 865 100
81 866 100
81 867 100
81 868 100
81 869 -44
81 870 -44
81 871 100
81 872 100
81 873 100
81 874 -44
81 875 -44
81 876 -44
81 877 -44
81 878 -44
81 879 100
81 880 -44
81 881 100
81 882 100
81 883 -44
81 884 100
81 885 100
81 886 -44
81 887 -44
81 888 100
81 889 -44
81 890 100
81 891 -44
81 892 100
81 893 -44
81 894 -44
81 895 -44
81 896 100
81 897 -44
81 898 -44
81 899 100
81 900 100
81 901 -44
81 902 100
81 903 100
81 904 -44
81 905 100
81 906 100
81 907 -44
81 908 -44
81 909 100
81 910 -44
81 911 100
81 912 100
81 913 -44
81 914 -44
81 915 -44
81 916 100
81 917 100
81 918 100
81 919 100
81 920 -44
81 921 100
81 922 100
81 923 100
81 924 -44
81 925 -44
81 926 100
81 927 -44
81 928 100
81 929 -44
81 930 100
81 931 -44
81 932 100
81 933 -44
81 934 -44
81 935 -44
81 936 100
81 937 100
81 938 -44
81 939 100
81 940 -44
81 941 -44
81 942 100
81 943 100
81 944 100
81 945 -44
81 946 100
82 153 -100
82 240 -100
82 320 -100
82 332 100
82 639 -100
83 104 -100
83 183 -100
83 203 -100
83 922 -100
84 140 -100
84 215 -100
84 428 100
84 644 -100
84 696 -100
85 192 -100
85 445 -100
85 562 -100
85 850 -100
86 161 -100
86 263 -100
86 514 -100
86 585 -100
87 100 -100
87 356 -100
87 886 -100
88 198 -100
88 309 -100
88 378 -100
88 382 -100
88 497 -100
89 274 100
89 394 -100
89 504 -100
89 715 -100
89 888 -100
89 919 -100
90 469 -100
90 589 -100
90 839 -100
91 340 -100
91 394 -100
91 593 -100
91 913 -100
91 933 -100
92 383 -100
92 539 -100
92 704 -100
92 765 -100
92 796 -100
93 455 -100
93 662 -100
93 864 -100
94 240 -100
94 460 -100
94 557 -100
94 728 -100
94 861 -100
95 233 -100
95 328 -100
95 367 -100
95 438 100
95 500 -100
95 824 -100
96 432 -100
96 519 -100
96 836 -100
96 849 -100
96 931 -100
97 160 -100
97 343 -100
97 408 -100
97 418 -100
98 149 -100
98 273 -100
98 331 -100
98 428 -100
98 472 -100
98 565 -100
99 205 -100
99 565 -100
99 789 -100
99 901 -100
100 132 -100
100 841 -100
100 855 -100
101 139 -100
101 653 -100
101 835 -100
101 929 -100
101 930 -100
102 473 -100
102 525 -100
102 689 -100
102 693 -100
102 863 -100
103 284 -100
103 353 -100
103 398 -100
103 665 -100
104 224 -100
104 409 -100
104 490 -100
105 229 -100
105 908 -100
105 924 -100
106 195 -100
106 201 -100
106 280 -100
106 328 -100
106 608 -100
107 244 -100
107 250 -100
107 297 -100
107 390 -100
107 467 -100
108 140 -100
108 142 -100
108 210 -100
108 338 -100
108 941 -100
109 335 100
109 349 -100
109 372 -100
109 623 -100
109 641 -100
109 707 -100
110 114 100
110 236 -100
110 252 -100
110 567 100
110 657 -100
110 942 -100
111 370 -100
111 403 -100
111 482 -100
111 755 -100
112 123 -100
112 399 -100
112 725 -100
112 916 -100
113 200 -100
113 697 -100
114 282 -100
114 397 -100
114 413 -100
114 420 -100
114 698 -100
115 238 -100
115 471 -100
115 759 -100
116 379 -100
116 405 -100
116 509 -100
116 563 -100
116 596 -100
116 762 -100
117 317 -100
117 417 -100
117 641 -100
117 842 -100
118 342 -100
118 346 -100
118 402 -100
118 433 -100
119 357 -100
119 554 -100
119 685 -100
119 899 -100
120 491 -100
120 646 -100
120 692 -100
120 712 -100
120 834 -100
121 267 100
121 286 -100
121 582 -100
121 757 -100
122 189 -100
122 617 -100
122 793 -100
122 935 -100
123 132 -100
123 148 -100
123 249 -100
123 521 -100
123 813 100
124 519 -100
124 537 -100
124 836 -100
124 849 -100
124 931 -100
125 209 -100
125 334 -100
125 482 -100
125 580 -100
125 705 -100
125 815 -100
126 255 100
126 635 -100
126 650 -100
126 800 100
126 833 -100
127 271 -100
127 369 -100
127 787 -100
128 467 100
128 635 -100
128 650 -100
128 828 100
128 833 -100
129 194 -100
129 451 -100
129 676 -100
130 517 -100
130 607 -100
130 784 -100
130 882 -100
131 277 -100
131 391 -100
131 588 -100
131 692 -100
131 749 -100
132 221 -100
132 422 -100
132 448 -100
133 176 -100
133 701 -100
133 745 -100
133 863 -100
134 234 -100
134 245 -100
134 303 -100
134 388 -100
135 136 -100
135 496 -100
135 528 -100
135 556 -100
136 310 -100
136 622 -100
136 904 -100
137 247 -100
137 595 -100
137 898 -100
138 265 -100
138 360 -100
138 364 -100
138 516 -100
139 190 100
139 217 -100
139 390 -100
139 569 -100
139 634 -100
140 702 -100
141 376 -100
141 637 -100
141 805 -100
142 492 -100
142 806 -100
143 247 -100
143 595 -100
143 898 -100
144 182 -100
144 513 100
144 815 -100
145 233 -100
145 328 -100
145 500 -100
145 518 100
145 767 -100
145 824 -100
146 377 -100
146 466 -100
146 627 -100
146 725 100
146 932 -100
147 520 -100
147 545 -100
147 687 -100
147 822 -100
148 221 -100
148 422 -100
148 448 -100
148 886 -100
149 406 -100
149 425 -100
149 506 -100
149 512 -100
150 387 -100
150 651 -100
150 682 -100
150 737 -100
151 155 -100
151 222 -100
151 548 -100
151 731 -100
151 778 -100
152 550 -100
152 632 -100
152 729 -100
152 739 -100
152 743 -100
153 538 -100
153 667 -100
153 675 -100
154 295 -100
154 751 -100
154 832 -100
155 449 -100
155 777 -100
155 869 -100
156 173 -100
156 291 -100
156 538 100
156 713 -100
156 731 -100
156 798 -100
157 403 -100
157 482 -100
157 680 -100
157 755 -100
158 207 -100
158 493 -100
158 734 -100
158 795 -100
159 302 -100
159 596 -100
159 732 -100
159 746 -100
159 844 -100
160 179 -100
160 688 -100
160 812 -100
161 427 -100
161 620 -100
161 659 -100
162 195 -100
162 201 -100
162 233 -100
162 280 -100
162 491 -100
162 608 -100
163 211 -100
163 217 -100
163 248 -100
163 880 -100
164 333 -100
164 783 -100
164 790 -100
164 863 -100
164 872 -100
165 242 100
165 496 -100
165 656 -100
165 732 100
165 811 -100
165 912 -100
166 236 -100
166 252 -100
166 257 100
166 430 100
166 657 -100
166 942 -100
167 552 -100
167 663 -100
167 768 -100
167 852 -100
168 354 -100
168 511 -100
168 574 -100
168 627 -100
168 691 -100
169 179 -100
169 274 -100
169 411 -100
169 457 -100
169 867 -100
170 185 -100
170 279 100
170 534 -100
170 568 -100
170 704 -100
170 770 -100
171 256 -100
171 320 -100
171 378 -100
171 536 -100
171 570 -100
171 851 -100
172 187 -100
172 275 -100
172 367 -100
172 767 -100
173 332 -100
173 504 -100
173 510 -100
173 777 -100
174 394 -100
174 411 100
174 510 -100
174 715 -100
174 888 -100
174 919 -100
175 559 -100
175 707 -100
175 887 -100
175 891 -100
176 206 -100
176 263 -100
176 298 -100
176 571 -100
177 187 -100
177 275 -100
177 367 -100
177 767 -100
178 268 -100
178 319 -100
178 335 -100
178 476 -100
178 804 -100
178 946 -100
179 343 -100
179 408 -100
180 204 -100
180 242 -100
180 719 -100
180 923 -100
181 187 -100
181 275 -100
181 367 -100
181 767 -100
182 311 -100
182 426 -100
183 224 -100
183 409 -100
183 490 -100
184 468 -100
184 579 -100
184 810 -100
185 386 -100
185 526 -100
185 892 100
185 922 -100
185 936 -100
186 271 -100
186 369 -100
186 787 -100
187 544 -100
187 590 -100
188 244 -100
188 444 -100
188 459 -100
188 483 -100
188 495 -100
189 359 -100
189 599 -100
189 808 -100
189 865 -100
190 239 -100
190 276 -100
190 587 -100
190 781 -100
190 884 -100
191 315 -100
191 333 -100
191 355 -100
191 400 -100
191 700 -100
192 493 -100
192 734 -100
192 795 -100
193 416 -100
193 463 100
193 647 -100
193 799 -100
193 885 -100
194 421 -100
194 730 -100
195 234 -100
195 283 -100
195 683 -100
196 312 -100
196 335 -100
196 512 -100
196 668 -100
196 702 100
196 921 -100
197 262 -100
197 284 -100
197 285 -100
197 461 -100
197 638 -100
198 519 -100
198 836 -100
198 849 -100
198 931 -100
199 614 -100
199 619 -100
199 630 -100
199 640 -100
199 764 -100
200 336 -100
200 363 -100
200 866 -100
200 895 -100
201 283 -100
201 303 -100
201 683 -100
202 220 -100
202 329 -100
202 353 100
202 364 -100
202 739 -100
203 224 -100
203 409 -100
203 490 -100
204 306 100
204 368 -100
204 928 100
205 406 -100
205 750 -100
206 549 -100
206 689 -100
206 701 -100
206 745 -100
207 445 -100
207 562 -100
207 850 -100
208 756 -100
208 780 -100
208 813 -100
208 908 -100
208 944 -100
209 426 -100
209 546 -100
209 636 -100
210 492 -100
210 806 -100
211 564 -100
211 652 -100
211 929 -100
212 229 -100
212 908 -100
212 924 -100
213 314 -100
213 324 -100
213 481 -100
213 531 -100
213 664 -100
214 288 -100
214 293 -100
214 373 -100
214 678 -100
215 702 -100
215 806 -100
216 318 -100
216 462 -100
216 611 -100
217 653 -100
217 835 -100
217 930 -100
218 295 -100
218 832 -100
218 848 -100
219 383 -100
219 539 -100
219 568 -100
219 765 -100
219 796 -100
220 344 -100
220 442 -100
220 530 -100
220 744 -100
221 249 -100
221 352 -100
221 521 -100
221 780 100
222 449 -100
222 777 -100
222 869 -100
223 318 -100
223 462 -100
223 611 -100
224 936 -100
225 226 -100
225 300 -100
225 393 -100
225 437 -100
225 478 -100
226 412 -100
226 914 -100
227 349 -100
227 559 -100
227 887 -100
227 891 -100
228 261 -100
228 606 -100
228 875 -100
229 292 -100
229 621 -100
230 491 -100
230 610 -100
230 679 -100
230 687 -100
231 235 -100
231 333 -100
231 473 -100
231 783 -100
231 790 -100
231 872 -100
232 410 -100
232 434 -100
232 566 -100
232 714 -100
233 477 -100
233 540 100
233 590 -100
234 736 -100
234 766 -100
234 925 -100
235 237 -100
235 289 -100
235 392 -100
235 411 -100
235 727 -100
236 524 -100
236 742 -100
237 893 -100
237 900 -100
237 918 -100
238 501 -100
239 302 -100
239 404 -100
239 558 -100
239 805 -100
240 538 -100
240 675 -100
241 549 -100
241 592 -100
241 673 -100
241 909 -100
242 301 100
242 368 -100
243 435 -100
243 443 -100
243 533 -100
243 753 -100
244 286 -100
244 653 -100
244 791 -100
244 892 -100
245 608 -100
245 736 -100
245 766 -100
245 925 -100
246 259 -100
246 445 -100
246 562 -100
246 850 -100
247 266 -100
247 624 -100
247 717 -100
248 564 -100
248 652 -100
248 929 -100
249 356 -100
249 422 -100
249 448 -100
250 286 -100
250 791 -100
250 818 -100
250 835 -100
250 892 -100
251 318 -100
251 462 -100
251 611 -100
252 487 -100
252 742 -100
253 414 -100
253 633 -100
253 803 -100
253 910 -100
254 293 -100
254 605 -100
255 582 -100
255 757 -100
255 892 -100
256 474 -100
256 625 -100
256 645 -100
256 706 -100
257 352 -100
257 397 -100
257 413 -100
257 420 -100
257 698 -100
258 270 -100
258 345 -100
258 494 -100
258 658 -100
259 493 -100
259 734 -100
259 795 -100
260 437 -100
260 441 100
260 722 -100
260 943 -100
261 268 -100
261 485 -100
261 859 -100
262 350 -100
262 771 -100
263 427 -100
263 620 -100
263 659 -100
264 520 -100
264 545 -100
264 687 -100
264 822 -100
265 287 -100
265 327 -100
265 442 -100
265 594 -100
266 595 -100
266 898 -100
267 290 100
267 635 -100
267 650 -100
267 833 -100
268 379 -100
268 424 -100
268 654 -100
269 401 -100
269 532 -100
269 774 -100
270 290 -100
270 357 -100
270 800 -100
270 828 -100
270 934 -100
271 429 -100
271 762 -100
272 468 -100
272 579 -100
272 810 -100
273 425 -100
273 506 -100
273 512 -100
274 418 -100
274 547 -100
274 586 -100
275 477 -100
275 544 -100
276 302 -100
276 404 -100
276 558 -100
276 637 -100
277 823 -100
277 825 -100
277 826 -100
278 312 100
278 349 -100
278 372 -100
278 623 -100
278 707 -100
279 358 -100
279 441 -100
279 529 -100
279 613 -100
279 734 100
280 283 -100
280 388 -100
280 683 -100
281 419 -100
281 572 -100
281 646 -100
281 751 -100
281 848 -100
281 871 -100
282 399 -100
282 448 -100
282 725 -100
283 608 -100
283 610 -100
283 824 -100
284 502 -100
284 530 100
284 614 -100
284 741 -100
285 350 -100
285 771 -100
285 776 -100
286 297 -100
286 390 -100
286 926 100
287 360 -100
287 364 -100
287 462 -100
287 516 -100
288 334 -100
288 458 -100
288 600 100
288 684 -100
288 820 -100
289 661 -100
289 900 -100
289 918 -100
290 345 -100
290 494 -100
290 658 -100
291 332 -100
291 504 -100
291 510 -100
291 869 -100
292 756 -100
292 780 -100
292 813 -100
292 944 -100
293 527 -100
293 575 -100
294 308 -100
294 326 -100
294 628 -100
294 817 -100
296 325 -100
296 341 -100
296 463 -100
296 720 -100
296 890 -100
297 642 -100
297 791 -100
297 892 -100
297 930 -100
298 473 -100
298 673 -100
298 701 -100
298 745 -100
299 358 -100
299 441 -100
299 493 100
299 529 -100
299 613 -100
299 709 100
300 412 -100
300 914 -100
301 435 -100
301 486 -100
301 735 -100
301 902 -100
302 587 -100
302 884 -100
302 930 100
303 736 -100
303 766 -100
303 925 -100
304 484 -100
304 535 -100
304 685 -100
304 866 -100
304 939 -100
305 348 -100
305 909 -100
305 917 -100
306 443 -100
306 486 -100
306 735 -100
306 902 -100
307 515 -100
307 578 -100
307 671 -100
307 827 -100
308 666 -100
308 868 -100
308 874 -100
309 432 -100
309 537 -100
309 540 -100
309 814 -100
310 528 -100
310 556 -100
310 811 -100
311 580 -100
311 769 100
312 322 -100
312 379 -100
312 428 -100
312 937 -100
313 325 -100
313 463 -100
313 720 -100
313 890 -100
314 370 -100
314 680 -100
315 711 -100
315 889 -100
316 598 -100
316 631 -100
316 740 -100
317 456 -100
317 726 -100
317 748 -100
317 872 -100
318 453 -100
318 594 -100
319 405 -100
319 509 -100
319 563 -100
319 732 -100
319 762 -100
320 609 -100
320 763 -100
321 549 -100
321 592 -100
321 673 -100
321 917 -100
322 335 -100
322 506 -100
322 668 -100
322 921 -100
323 346 -100
323 433 -100
323 716 -100
323 807 -100
324 370 -100
324 680 -100
325 561 -100
325 725 -100
325 840 100
326 666 -100
326 874 -100
327 381 -100
327 865 -100
328 477 -100
328 590 -100
328 747 100
329 344 -100
329 442 -100
329 530 -100
329 840 100
329 878 -100
330 434 -100
330 566 -100
330 576 -100
330 714 -100
331 636 -100
331 868 -100
331 881 -100
332 337 -100
332 731 -100
332 798 -100
333 641 -100
333 723 -100
333 906 -100
334 546 -100
334 636 -100
335 428 -100
335 937 -100
336 697 -100
337 394 -100
337 715 -100
337 867 100
337 888 -100
337 919 -100
338 492 -100
338 806 -100
339 371 -100
339 598 -100
339 631 -100
339 740 -100
340 450 -100
340 603 -100
340 738 -100
341 455 -100
341 662 -100
341 864 -100
342 572 -100
342 751 -100
342 848 -100
342 871 -100
343 688 -100
343 812 -100
344 516 -100
344 739 -100
345 677 -100
345 685 -100
345 800 -100
345 828 -100
346 646 -100
346 809 -100
346 839 -100
347 447 -100
347 660 -100
347 748 -100
347 816 -100
348 471 -100
348 601 -100
348 669 -100
348 734 -100
348 847 -100
349 726 -100
349 838 -100
350 398 -100
350 461 -100
350 486 -100
350 638 -100
351 438 -100
351 518 -100
351 779 -100
351 873 -100
351 898 -100
352 399 -100
352 725 -100
353 502 -100
353 614 -100
353 741 -100
353 771 -100
354 541 -100
354 940 -100
355 711 -100
355 889 -100
356 841 -100
356 855 -100
357 371 -100
357 577 -100
357 905 -100
358 436 -100
358 877 -100
358 896 -100
359 617 -100
359 793 -100
359 935 -100
360 374 -100
360 530 -100
360 594 -100
361 460 -100
361 557 -100
361 728 -100
361 861 -100
362 519 -100
362 814 -100
362 836 -100
362 849 -100
362 931 -100
363 697 -100
364 594 -100
365 373 100
365 389 -100
365 761 -100
365 882 -100
365 919 -100
366 420 -100
366 452 -100
366 584 -100
366 854 -100
367 544 -100
368 451 -100
368 719 -100
368 923 -100
369 405 -100
369 429 -100
370 531 -100
370 664 -100
371 554 -100
371 685 -100
371 899 -100
372 454 -100
372 726 -100
372 838 -100
373 580 -100
373 684 -100
373 820 -100
374 381 -100
374 803 100
374 865 -100
375 441 -100
375 522 -100
375 591 -100
375 915 -100
375 945 -100
376 384 -100
376 407 -100
376 587 -100
376 862 -100
377 513 -100
377 555 -100
377 769 -100
377 940 -100
378 432 -100
378 537 -100
378 747 -100
378 814 -100
379 476 -100
379 804 -100
379 946 -100
380 484 -100
380 535 -100
380 866 -100
380 899 -100
380 902 -100
380 939 -100
381 617 -100
382 432 -100
382 480 -100
382 537 -100
382 763 -100
382 814 -100
383 503 -100
384 637 -100
384 805 -100
385 468 -100
385 579 -100
385 810 -100
386 409 -100
386 690 -100
386 926 -100
387 470 -100
387 757 -100
387 845 -100
387 938 -100
388 736 -100
388 766 -100
388 925 -100
389 600 -100
389 853 -100
390 786 -100
390 791 -100
390 892 -100
391 823 -100
391 825 -100
391 826 -100
392 499 -100
392 900 -100
392 918 -100
393 412 -100
393 914 -100
394 600 -100
394 713 -100
395 497 -100
395 615 -100
395 733 -100
395 824 100
395 858 -100
396 491 -100
396 545 -100
396 610 -100
396 679 -100
397 724 -100
397 792 -100
397 916 -100
398 442 100
398 502 -100
398 614 -100
398 741 -100
399 513 100
399 890 -100
400 711 -100
400 889 -100
401 523 -100
401 592 -100
401 643 -100
402 679 -100
402 692 -100
402 712 -100
402 834 -100
403 438 -100
403 481 -100
403 546 -100
403 672 -100
404 567 -100
404 587 -100
404 835 100
404 884 -100
405 505 -100
405 802 -100
406 789 -100
406 901 -100
407 637 -100
407 805 -100
408 688 -100
408 812 -100
410 473 -100
410 525 -100
410 689 -100
410 863 -100
411 418 -100
411 547 -100
411 586 -100
412 478 -100
412 943 -100
413 724 -100
413 788 -100
413 916 -100
414 721 -100
414 819 -100
414 857 -100
415 499 -100
415 661 -100
415 830 -100
415 893 -100
416 578 -100
416 772 -100
416 840 -100
417 456 -100
417 748 -100
417 783 -100
417 838 -100
418 457 -100
418 867 -100
419 440 -100
419 694 -100
419 803 -100
420 724 -100
420 916 -100
421 451 -100
421 676 -100
422 521 -100
422 756 100
423 487 -100
423 524 -100
424 476 -100
424 505 -100
424 804 -100
424 921 -100
424 946 -100
425 472 -100
425 565 -100
425 797 -100
425 937 -100
426 555 100
427 514 -100
427 585 -100
428 668 -100
428 921 -100
429 787 -100
430 558 -100
430 596 -100
430 732 -100
430 746 -100
430 844 -100
431 493 -100
431 708 -100
431 734 -100
431 795 -100
432 497 -100
433 589 -100
433 646 -100
433 809 -100
434 693 -100
434 752 -100
435 573 -100
435 831 -100
436 441 -100
436 529 -100
436 613 -100
436 795 100
436 903 100
437 696 -100
437 879 -100
438 475 -100
438 624 -100
438 911 -100
439 552 -100
439 663 -100
439 768 -100
439 852 -100
440 819 -100
441 896 -100
442 739 -100
443 573 -100
443 831 -100
444 642 -100
444 786 -100
444 818 -100
445 708 -100
446 502 -100
446 619 -100
446 630 -100
446 640 -100
446 764 -100
447 649 -100
447 695 -100
447 842 -100
448 521 -100
448 944 100
449 548 -100
449 778 -100
449 798 -100
450 593 -100
450 913 -100
450 919 -100
450 933 -100
451 730 -100
452 788 -100
452 792 -100
453 462 -100
453 611 -100
454 559 -100
454 887 -100
454 891 -100
455 829 -100
456 641 -100
456 649 -100
457 547 -100
457 586 -100
457 713 100
457 918 -100
458 605 -100
458 678 -100
459 642 -100
459 786 -100
459 818 -100
460 667 -100
460 754 -100
461 616 -100
461 771 -100
463 561 -100
464 499 -100
464 661 -100
464 830 -100
464 893 -100
465 550 -100
465 632 -100
465 729 -100
465 743 -100
466 513 -100
466 555 -100
466 769 -100
467 582 -100
467 757 -100
468 655 -100
469 543 -100
469 894 -100
469 927 -100
470 651 -100
470 682 -100
470 737 -100
471 909 -100
471 917 -100
472 506 -100
472 512 -100
472 750 -100
473 576 -100
473 581 -100
474 597 -100
474 876 -100
474 920 -100
475 518 -100
475 595 -100
475 779 -100
475 873 -100
476 654 -100
477 500 -100
477 824 -100
477 873 100
478 914 -100
479 559 -100
479 623 -100
479 887 -100
479 891 -100
480 500 100
480 615 -100
480 733 -100
480 858 -100
481 482 -100
481 755 -100
482 672 -100
482 779 -100
483 642 -100
483 786 -100
483 818 -100
484 697 -100
484 785 -100
484 905 -100
485 606 -100
485 875 -100
486 542 -100
486 718 -100
486 905 -100
487 604 -100
487 648 -100
487 907 -100
488 508 -100
488 618 -100
488 883 -100
489 498 -100
489 677 -100
489 934 -100
490 526 -100
491 860 -100
492 644 -100
492 941 -100
493 917 -100
494 800 -100
494 828 -100
494 899 -100
495 642 -100
495 786 -100
495 818 -100
496 612 -100
496 758 -100
496 928 -100
497 537 -100
497 609 -100
497 814 -100
498 658 -100
498 710 -100
498 837 -100
498 843 -100
499 583 -100
499 760 -100
500 590 -100
500 683 -100
501 601 -100
501 759 -100
503 539 -100
503 765 -100
503 770 -100
503 796 -100
504 675 100
504 731 -100
504 798 -100
505 509 -100
505 563 -100
505 746 -100
505 762 -100
506 507 -100
506 565 -100
507 868 -100
507 881 -100
508 602 -100
508 626 -100
508 674 -100
509 787 -100
509 802 -100
510 731 -100
510 798 -100
511 541 -100
511 940 -100
512 565 -100
512 705 -100
513 627 -100
513 932 -100
514 620 -100
514 659 -100
514 701 -100
515 647 -100
515 681 -100
515 794 -100
515 897 -100
516 594 -100
517 553 -100
517 686 -100
517 853 -100
518 624 -100
518 755 -100
518 911 -100
520 560 -100
520 860 -100
522 821 -100
522 877 -100
523 532 -100
523 774 -100
524 604 -100
524 648 -100
524 907 -100
525 571 -100
525 576 -100
525 581 -100
525 906 -100
526 690 -100
526 926 -100
527 605 -100
528 622 -100
528 904 -100
529 879 100
529 896 -100
530 739 -100
531 680 -100
532 643 -100
533 542 -100
533 573 -100
533 831 -100
534 709 -100
534 801 -100
534 903 -100
535 785 -100
535 905 -100
536 609 -100
536 763 -100
538 639 -100
538 851 -100
540 615 -100
540 733 -100
540 858 -100
541 574 -100
541 691 -100
541 932 -100
542 735 -100
542 902 -100
542 923 100
543 589 -100
543 839 -100
544 767 -100
545 560 -100
546 580 -100
546 797 -100
546 815 -100
547 688 -100
547 867 -100
548 777 -100
548 869 -100
549 774 -100
549 847 -100
550 744 -100
550 878 -100
551 638 -100
551 670 -100
551 775 -100
551 870 -100
552 650 -100
552 782 -100
553 607 -100
553 784 -100
554 577 -100
554 658 -100
554 785 -100
555 627 -100
555 932 -100
556 622 -100
556 904 -100
557 667 -100
557 754 -100
558 587 -100
558 653 100
558 884 -100
560 687 -100
560 822 -100
561 720 -100
561 829 -100
561 890 -100
562 708 -100
563 802 -100
564 634 -100
564 880 -100
566 693 -100
566 752 -100
567 596 -100
567 732 -100
567 746 -100
567 844 -100
568 709 -100
568 801 -100
568 903 -100
569 652 -100
569 653 -100
569 835 -100
569 930 -100
570 609 -100
570 675 -100
570 763 -100
571 592 -100
571 701 -100
571 745 -100
572 629 -100
572 716 -100
573 753 -100
574 940 -100
575 605 -100
576 689 -100
576 863 -100
577 685 -100
577 899 -100
578 681 -100
578 794 -100
578 897 -100
579 655 -100
579 858 -100
580 636 -100
581 689 -100
581 752 -100
581 863 -100
582 703 -100
582 737 -100
583 661 -100
583 830 -100
583 893 -100
584 788 -100
584 792 -100
585 620 -100
585 659 -100
585 745 -100
586 812 -100
586 867 -100
588 823 -100
588 825 -100
588 826 -100
589 894 -100
589 927 -100
590 779 100
590 824 -100
591 821 -100
591 877 -100
592 847 -100
593 603 -100
593 738 -100
595 717 -100
596 758 100
596 781 -100
597 625 -100
597 645 -100
597 706 -100
597 763 -100
599 617 -100
599 793 -100
599 935 -100
600 761 -100
600 882 -100
601 909 -100
601 917 -100
602 618 -100
602 883 -100
603 715 -100
603 913 -100
603 933 -100
606 804 -100
606 859 -100
607 686 -100
607 853 -100
608 683 -100
609 851 -100
609 920 -100
610 699 -100
610 860 -100
612 656 -100
612 719 100
612 811 -100
612 844 100
612 912 -100
613 696 100
613 821 -100
613 896 -100
615 747 -100
615 810 -100
616 670 -100
616 775 -100
616 870 -100
617 808 -100
618 626 -100
618 674 -100
619 665 -100
619 846 -100
621 908 -100
621 924 -100
622 912 -100
623 726 -100
623 838 -100
624 779 -100
624 873 -100
625 876 -100
625 920 -100
626 883 -100
627 769 -100
628 666 -100
628 874 -100
628 881 -100
629 751 -100
629 809 -100
629 848 -100
629 871 -100
630 665 -100
630 846 -100
632 744 -100
632 878 -100
633 721 -100
633 819 -100
633 857 -100
634 653 -100
634 835 -100
634 930 -100
635 663 -100
636 755 -100
636 815 -100
637 862 -100
638 771 -100
639 675 -100
639 754 -100
640 665 -100
640 846 -100
641 748 -100
643 774 -100
644 702 -100
645 876 -100
645 920 -100
647 772 -100
647 840 -100
649 660 -100
649 816 -100
651 845 -100
651 938 -100
652 880 -100
654 668 -100
654 802 -100
654 804 -100
654 946 -100
655 810 -100
656 758 -100
656 904 -100
656 928 -100
657 742 -100
658 800 -100
658 828 -100
660 695 -100
660 842 -100
661 760 -100
662 829 -100
663 782 -100
664 680 -100
665 764 -100
666 817 -100
667 728 -100
667 861 -100
668 838 100
668 937 -100
669 909 -100
669 917 -100
670 776 -100
671 681 -100
671 794 -100
671 799 -100
671 897 -100
672 755 -100
673 847 -100
674 883 -100
676 730 -100
677 710 -100
677 837 -100
677 843 -100
678 684 -100
678 815 -100
678 820 -100
679 683 -100
679 860 -100
681 827 -100
682 845 -100
682 938 -100
686 761 -100
686 784 -100
689 723 -100
690 709 -100
690 791 100
690 922 -100
690 936 -100
691 940 -100
692 699 -100
692 780 100
692 807 -100
693 714 -100
694 721 -100
695 816 -100
696 722 -100
696 943 -100
697 895 -100
698 724 -100
698 916 -100
699 712 -100
699 809 -100
699 834 -100
700 711 -100
700 889 -100
702 879 -100
703 757 -100
703 791 -100
704 709 -100
704 801 -100
704 903 -100
705 868 -100
705 881 -100
706 876 -100
706 920 -100
707 726 -100
707 838 -100
708 850 -100
709 770 -100
710 934 -100
711 783 -100
712 756 100
712 807 -100
712 826 -100
713 715 -100
713 888 -100
713 919 -100
714 752 -100
716 751 -100
716 848 -100
716 871 -100
717 898 -100
718 719 100
718 735 -100
718 753 -100
718 902 -100
721 910 -100
722 879 -100
723 783 -100
723 790 -100
723 872 -100
723 900 -100
724 742 100
726 921 100
727 830 -100
727 900 -100
727 918 -100
728 754 -100
729 744 -100
729 878 -100
732 781 -100
733 747 -100
735 785 -100
737 845 -100
737 938 -100
738 888 -100
738 913 -100
738 933 -100
739 772 100
741 846 -100
742 781 100
742 942 -100
743 744 -100
743 878 -100
746 781 -100
746 928 100
747 858 -100
749 823 -100
749 825 -100
749 826 -100
750 789 -100
750 901 -100
753 831 -100
754 861 -100
756 773 -100
756 856 -100
758 811 -100
758 912 -100
758 923 100
760 830 -100
760 893 -100
762 802 -100
763 851 -100
764 846 -100
768 782 -100
769 932 -100
770 801 -100
770 903 -100
771 902 -100
772 799 -100
772 885 -100
772 890 100
773 780 -100
773 813 -100
773 944 -100
775 776 -100
776 870 -100
777 778 -100
778 869 -100
779 911 -100
780 856 -100
781 844 -100
782 852 -100
783 906 -100
784 853 -100
785 866 -100
785 939 -100
788 854 -100
790 889 -100
790 906 -100
792 854 -100
793 808 -100
794 827 -100
797 868 -100
797 881 -100
799 840 -100
801 896 100
802 844 -100
805 862 -100
806 941 -100
807 834 -100
808 935 -100
811 928 -100
813 856 -100
816 842 -100
817 874 -100
819 910 -100
821 915 -100
821 945 -100
823 834 -100
827 885 -100
827 897 -100
829 864 -100
833 852 -100
834 944 100
837 934 -100
839 894 -100
839 927 -100
840 885 -100
841 886 -100
843 934 -100
855 886 -100
856 924 -100
856 944 -100
857 910 -100
859 875 -100
866 905 -100
867 900 -100
872 906 -100
873 911 -100
875 946 -100
877 915 -100
877 945 -100
879 943 -100
880 929 -100
903 926 -100
905 939 -100
906 918 -100
912 928 -100
921 937 -100
922 926 -100
926 936 -100
