2744 8232
1 562 -1
1 999 -1
1 1230 -1
1 1255 1
1 1305 1
1 2651 1
2 178 1
2 706 1
2 1014 1
2 1368 -1
2 1531 1
2 2401 -1
3 102 -1
3 123 1
3 565 1
3 1905 1
3 2567 -1
3 2727 1
4 1082 -1
4 1713 -1
4 1916 1
4 2076 1
4 2139 1
4 2169 -1
5 569 -1
5 1545 1
5 1567 1
5 2054 1
5 2161 1
5 2631 -1
6 17 -1
6 24 -1
6 767 1
6 844 1
6 2242 1
6 2718 1
7 799 -1
7 1150 -1
7 1330 -1
7 1729 -1
7 2028 -1
7 2031 1
8 277 1
8 348 1
8 832 -1
8 838 1
8 1099 1
8 1882 -1
9 106 1
9 1379 -1
9 1948 -1
9 2100 -1
9 2502 -1
9 2693 -1
10 27 -1
10 286 -1
10 761 1
10 899 -1
10 2022 1
10 2057 -1
11 592 1
11 600 1
11 1260 -1
11 1579 -1
11 2347 -1
11 2505 -1
12 142 -1
12 145 -1
12 458 -1
12 913 1
12 1107 1
12 1302 1
13 576 -1
13 781 -1
13 1412 1
13 1814 -1
13 2557 1
13 2558 -1
14 245 -1
14 800 1
14 856 1
14 1318 1
14 2319 1
14 2494 1
15 484 -1
15 567 -1
15 1314 -1
15 1629 1
15 2082 -1
15 2104 -1
16 45 -1
16 283 1
16 1110 1
16 1132 1
16 1510 -1
16 2447 1
17 511 -1
17 816 -1
17 1099 -1
17 2085 -1
17 2107 1
18 585 1
18 953 1
18 2260 -1
18 2411 1
18 2555 1
18 2628 1
19 378 -1
19 733 1
19 868 -1
19 932 -1
19 1717 -1
19 2004 -1
20 984 1
20 1146 -1
20 1613 1
20 1930 1
20 2445 1
20 2551 -1
21 448 -1
21 710 1
21 1031 -1
21 1476 1
21 1995 -1
21 2539 1
22 219 -1
22 474 -1
22 489 -1
22 1056 1
22 1504 1
22 1949 -1
23 192 1
23 896 -1
23 1275 1
23 1950 -1
23 2429 -1
23 2591 -1
24 609 -1
24 754 1
24 982 -1
24 1176 1
24 1397 -1
25 564 -1
25 634 1
25 1858 -1
25 1920 1
25 2560 -1
25 2591 -1
26 476 1
26 1175 -1
26 1887 1
26 1921 1
26 2116 -1
26 2433 1
27 1067 -1
27 1703 1
27 1707 -1
27 1750 1
27 1885 -1
28 254 1
28 714 1
28 1125 1
28 1348 -1
28 2456 -1
28 2590 -1
29 878 -1
29 1078 1
29 1432 1
29 2378 -1
29 2393 1
29 2575 -1
30 52 -1
30 300 1
30 792 -1
30 1313 1
30 1344 -1
30 2727 1
31 448 1
31 529 1
31 600 -1
31 996 -1
31 1031 -1
31 1268 1
32 670 -1
32 741 1
32 1446 1
32 2192 1
32 2245 1
32 2545 1
33 109 -1
33 716 1
33 983 -1
33 1391 -1
33 1917 1
33 2621 -1
34 219 1
34 350 1
34 474 -1
34 491 -1
34 1041 1
34 1082 1
35 715 1
35 1279 1
35 1830 1
35 2329 -1
35 2710 -1
35 2723 -1
36 41 -1
36 288 -1
36 813 1
36 1685 1
36 2089 -1
36 2581 1
37 510 1
37 939 -1
37 1328 1
37 1347 -1
37 2413 1
37 2691 -1
38 94 -1
38 122 1
38 425 1
38 1627 -1
38 2016 1
38 2704 -1
39 1508 -1
39 2223 1
39 2397 -1
39 2446 1
39 2565 -1
39 2583 1
40 380 1
40 854 -1
40 997 -1
40 1926 1
40 2071 -1
40 2706 -1
41 184 -1
41 255 1
41 540 -1
41 1554 -1
41 1696 -1
42 225 1
42 406 1
42 1657 -1
42 2455 1
42 2485 1
42 2528 1
43 51 1
43 830 1
43 1755 1
43 2110 -1
43 2349 1
43 2385 -1
44 138 1
44 756 1
44 1264 1
44 1298 -1
44 1832 1
44 2487 -1
45 525 -1
45 850 1
45 1493 -1
45 1610 -1
45 1619 1
46 312 -1
46 822 1
46 1623 -1
46 2033 1
46 2216 1
46 2255 1
47 229 -1
47 398 -1
47 399 1
47 1248 1
47 1675 -1
47 2130 -1
48 405 -1
48 886 -1
48 1195 -1
48 1614 1
48 1809 -1
48 2081 -1
49 55 1
49 1235 -1
49 1382 1
49 1616 1
49 2181 1
49 2233 1
50 152 1
50 527 1
50 696 -1
50 1663 1
50 2396 -1
50 2399 -1
51 208 1
51 694 -1
51 1343 1
51 2146 1
51 2740 -1
52 1683 -1
52 1840 1
52 2151 -1
52 2339 -1
52 2713 -1
53 138 -1
53 238 -1
53 257 1
53 684 1
53 2032 -1
53 2487 1
54 233 1
54 546 -1
54 935 -1
54 1396 -1
54 1492 -1
54 2222 -1
55 636 -1
55 1134 1
55 1725 -1
55 2145 1
55 2629 -1
56 251 -1
56 747 1
56 765 1
56 1007 1
56 1474 -1
56 2126 -1
57 83 1
57 109 -1
57 452 1
57 716 -1
57 1016 1
57 2167 1
58 165 1
58 453 1
58 689 1
58 1074 1
58 1519 1
58 1641 -1
59 1090 1
59 2010 1
59 2179 -1
59 2221 1
59 2368 1
59 2553 -1
60 1115 -1
60 1261 -1
60 1327 1
60 2213 -1
60 2387 1
60 2491 -1
61 1037 1
61 1293 -1
61 1572 -1
61 1804 1
61 2009 1
61 2408 1
62 123 -1
62 403 1
62 781 -1
62 910 -1
62 1893 -1
62 2557 1
63 153 1
63 1553 -1
63 1699 1
63 1734 1
63 1849 -1
63 1974 -1
64 399 -1
64 948 1
64 1138 -1
64 1248 -1
64 1405 1
64 2511 1
65 626 -1
65 687 1
65 1726 -1
65 2014 1
65 2397 1
65 2565 1
66 360 -1
66 459 1
66 1157 1
66 1638 -1
66 1882 -1
66 2497 1
67 129 -1
67 947 -1
67 2578 1
67 2585 -1
67 2669 1
67 2683 -1
68 584 1
68 1482 -1
68 1571 -1
68 1607 -1
68 2018 -1
68 2046 1
69 285 -1
69 423 -1
69 966 -1
69 1104 -1
69 1560 1
69 2177 1
70 72 -1
70 302 -1
70 556 1
70 647 -1
70 1062 -1
70 2209 1
71 827 -1
71 909 1
71 1177 1
71 1284 1
71 1398 1
71 1494 1
72 263 -1
72 425 1
72 1784 1
72 2016 1
72 2377 1
73 81 1
73 337 1
73 1658 -1
73 1692 1
73 1943 1
73 2229 1
74 297 1
74 603 -1
74 1040 -1
74 1192 1
74 1744 -1
74 2741 1
75 384 1
75 468 1
75 1738 -1
75 1852 -1
75 2310 -1
75 2346 -1
76 429 -1
76 542 -1
76 935 -1
76 1377 -1
76 2220 -1
76 2254 -1
77 288 -1
77 585 1
77 953 1
77 1393 -1
77 2089 1
77 2626 -1
78 381 -1
78 1189 -1
78 1334 -1
78 1489 -1
78 1711 1
78 1837 1
79 376 -1
79 435 -1
79 467 -1
79 500 -1
79 1023 -1
79 1383 -1
80 171 -1
80 372 -1
80 527 -1
80 1046 1
80 1663 -1
80 2681 1
81 136 -1
81 151 -1
81 1769 -1
81 2512 1
81 2671 1
82 497 1
82 1775 -1
82 2006 1
82 2023 1
82 2228 -1
82 2475 -1
83 351 -1
83 395 -1
83 1941 1
83 2074 1
83 2337 -1
84 245 1
84 562 -1
84 667 1
84 999 1
84 2250 1
84 2589 1
85 221 1
85 1190 1
85 1203 -1
85 1798 -1
85 2477 1
85 2695 1
86 308 -1
86 1130 1
86 1443 -1
86 1597 1
86 1975 1
86 2012 1
87 395 1
87 922 1
87 1224 1
87 1773 1
87 2074 1
87 2540 -1
88 430 -1
88 463 -1
88 1061 1
88 1335 -1
88 2157 -1
88 2645 -1
89 459 1
89 520 -1
89 989 -1
89 1389 1
89 1801 1
89 2470 -1
90 168 -1
90 725 -1
90 1252 1
90 1873 -1
90 1997 1
90 2454 1
91 398 -1
91 512 1
91 1165 -1
91 1661 1
91 2130 -1
91 2324 1
92 846 -1
92 920 1
92 1812 1
92 2120 -1
92 2569 -1
92 2714 1
93 262 1
93 935 -1
93 1343 -1
93 2220 1
93 2222 1
93 2740 -1
94 682 -1
94 1056 1
94 1079 -1
94 1585 -1
94 2566 1
95 195 1
95 415 1
95 963 -1
95 1173 -1
95 2322 -1
95 2687 -1
96 968 1
96 1297 -1
96 1350 -1
96 1515 -1
96 1600 -1
96 2179 -1
97 1076 1
97 1214 -1
97 1245 1
97 1525 -1
97 2226 1
97 2264 1
98 125 1
98 1315 -1
98 1653 1
98 1748 1
98 1934 -1
98 2506 1
99 141 1
99 558 1
99 1128 -1
99 1239 -1
99 2142 1
99 2171 1
100 147 1
100 383 1
100 1106 -1
100 1122 1
100 1307 1
100 2305 -1
101 189 1
101 461 -1
101 731 1
101 825 -1
101 2066 1
101 2268 1
102 377 1
102 2094 -1
102 2272 1
102 2549 1
102 2598 1
103 682 1
103 1056 -1
103 1234 -1
103 1340 1
103 1341 -1
103 1504 1
104 439 -1
104 586 -1
104 1413 -1
104 1705 1
104 2224 1
104 2657 -1
105 198 1
105 2056 -1
105 2174 -1
105 2514 -1
105 2612 1
105 2623 -1
106 173 1
106 1330 1
106 1462 -1
106 1729 1
106 1933 1
107 261 -1
107 342 -1
107 713 -1
107 735 1
107 880 -1
107 2702 -1
108 1091 -1
108 1212 1
108 1285 -1
108 1609 1
108 1667 -1
108 2288 -1
109 269 1
109 503 -1
109 1899 -1
109 2337 1
110 596 1
110 1189 1
110 1435 -1
110 1489 1
110 1655 1
110 2716 1
111 174 1
111 411 -1
111 417 -1
111 1553 -1
111 1974 -1
111 2241 -1
112 1470 -1
112 2065 -1
112 2103 -1
112 2121 -1
112 2554 1
112 2653 -1
113 428 1
113 569 1
113 1472 -1
113 1545 -1
113 1621 1
113 1994 1
114 895 -1
114 1067 -1
114 1466 1
114 1603 -1
114 1885 -1
114 2448 -1
115 126 1
115 134 -1
115 357 -1
115 410 -1
115 1296 -1
115 2030 -1
116 1312 1
116 1513 1
116 1867 -1
116 2084 -1
116 2562 1
116 2685 -1
117 125 -1
117 705 -1
117 1217 1
117 1257 1
117 1315 -1
117 1776 -1
118 934 1
118 1614 1
118 1809 -1
118 2303 -1
118 2376 1
118 2526 -1
119 382 -1
119 1336 -1
119 1478 1
119 1763 1
119 1807 1
119 1927 1
120 677 1
120 693 -1
120 908 -1
120 1403 -1
120 1518 -1
120 2277 -1
121 198 1
121 620 1
121 869 -1
121 1589 1
121 1639 -1
121 2056 1
122 914 -1
122 1585 -1
122 1722 -1
122 1751 1
122 2141 -1
123 627 -1
123 1471 -1
123 2256 1
123 2272 -1
124 819 1
124 1110 1
124 1217 -1
124 1315 -1
124 1934 -1
124 2447 1
125 475 1
125 1432 1
125 2037 -1
125 2473 1
126 294 1
126 834 1
126 1356 -1
126 2020 1
126 2543 -1
127 279 -1
127 1027 1
127 1283 -1
127 1427 -1
127 1546 1
127 2741 1
128 412 -1
128 651 -1
128 747 1
128 853 1
128 1695 1
128 2308 -1
129 749 -1
129 1181 1
129 2262 -1
129 2395 -1
129 2544 -1
130 353 1
130 1132 1
130 2067 1
130 2162 1
130 2447 -1
130 2481 1
131 1436 1
131 1522 -1
131 2565 1
131 2583 -1
131 2710 1
131 2723 1
132 600 -1
132 1031 1
132 2425 1
132 2505 -1
132 2678 -1
132 2697 -1
133 1070 -1
133 1224 1
133 1240 1
133 1395 -1
133 1448 -1
133 1628 1
134 294 1
134 337 1
134 2229 -1
134 2616 1
134 2701 1
135 221 -1
135 516 -1
135 1190 -1
135 1237 1
135 2210 1
135 2366 1
136 1044 1
136 1943 -1
136 2294 1
136 2578 -1
136 2717 -1
137 179 1
137 557 -1
137 737 -1
137 1871 -1
137 2083 -1
137 2086 1
138 270 1
138 1169 1
138 1327 -1
138 2491 -1
139 265 1
139 360 1
139 625 1
139 832 -1
139 1002 -1
139 1882 1
140 1084 -1
140 1269 -1
140 1684 1
140 1768 1
140 2455 1
140 2485 -1
141 385 1
141 827 1
141 909 -1
141 2043 -1
141 2711 1
142 526 1
142 736 1
142 1270 -1
142 2148 1
142 2259 -1
143 384 1
143 655 1
143 1659 1
143 1852 -1
143 2275 1
143 2293 1
144 257 -1
144 1197 1
144 1298 1
144 2368 -1
144 2487 1
144 2553 -1
145 736 1
145 788 -1
145 1267 1
145 1511 -1
145 2641 1
146 455 1
146 495 -1
146 793 1
146 961 1
146 2530 -1
146 2582 -1
147 614 -1
147 1027 1
147 1283 1
147 1832 1
147 2128 1
148 634 1
148 874 -1
148 1858 -1
148 1940 1
148 2185 -1
148 2523 1
149 486 -1
149 836 1
149 1019 -1
149 1105 -1
149 1682 1
149 2208 -1
150 874 1
150 1678 1
150 1940 -1
150 2249 1
150 2326 1
150 2694 -1
151 520 -1
151 989 -1
151 1168 -1
151 1808 1
151 2294 1
152 1346 -1
152 1384 1
152 1813 1
152 1905 1
152 2323 1
153 362 1
153 737 1
153 1413 -1
153 1495 -1
153 2657 -1
154 314 1
154 842 1
154 1279 -1
154 1730 1
154 2108 1
154 2587 1
155 270 -1
155 734 1
155 795 -1
155 1435 1
155 1439 -1
155 1944 1
156 415 1
156 571 1
156 963 -1
156 1836 1
156 2176 -1
156 2730 1
157 204 1
157 407 1
157 808 -1
157 1749 -1
157 2419 -1
157 2472 -1
158 379 -1
158 1240 -1
158 1357 -1
158 1448 -1
158 1604 -1
158 1669 1
159 1053 1
159 1068 -1
159 1098 -1
159 1310 1
159 2113 -1
159 2143 -1
160 315 -1
160 377 -1
160 451 -1
160 1858 1
160 2094 -1
160 2185 1
161 204 -1
161 407 -1
161 824 -1
161 1431 1
161 1547 1
161 2232 -1
162 918 1
162 1897 1
162 1971 -1
162 2034 1
162 2048 1
162 2188 1
163 187 -1
163 366 1
163 644 -1
163 1024 -1
163 1765 1
163 2118 -1
164 583 1
164 702 -1
164 1483 1
164 1690 1
164 2348 1
164 2564 1
165 510 -1
165 939 1
165 1203 -1
165 2315 -1
165 2402 1
166 556 -1
166 1062 1
166 1157 1
166 1973 -1
166 2098 -1
166 2258 -1
167 200 1
167 258 -1
167 768 1
167 1017 1
167 2106 1
167 2282 -1
168 694 1
168 1151 1
168 1343 1
168 2222 1
168 2574 -1
169 597 1
169 713 1
169 2034 1
169 2048 -1
169 2207 -1
169 2594 1
170 505 -1
170 538 1
170 944 1
170 1558 -1
170 1780 -1
170 2119 1
171 663 -1
171 1011 -1
171 1013 -1
171 1564 1
171 1624 1
172 263 1
172 558 1
172 1171 -1
172 1972 -1
172 1998 -1
172 2377 1
173 494 -1
173 847 -1
173 2298 1
173 2428 1
173 2693 1
174 681 -1
174 1096 -1
174 1291 1
174 2101 1
174 2644 -1
175 979 -1
175 1055 -1
175 1215 1
175 1609 -1
175 2019 -1
175 2288 -1
176 704 1
176 1454 1
176 1653 -1
176 1731 1
176 1932 1
176 2506 -1
177 1046 -1
177 1599 -1
177 1707 -1
177 1885 -1
177 2306 -1
177 2448 -1
178 870 -1
178 1367 1
178 1535 1
178 2243 1
178 2513 -1
179 609 -1
179 642 1
179 1397 -1
179 2388 -1
179 2675 -1
180 277 -1
180 625 1
180 994 1
180 1882 1
180 2124 1
180 2497 1
181 920 -1
181 1783 1
181 1812 1
181 1961 -1
181 2049 -1
181 2361 1
182 293 1
182 1173 -1
182 1187 -1
182 1227 1
182 1533 -1
182 2334 1
183 469 -1
183 537 -1
183 1015 1
183 1425 -1
183 1936 -1
183 2302 -1
184 1733 -1
184 2089 1
184 2113 1
184 2128 -1
184 2416 -1
185 405 -1
185 783 1
185 1447 -1
185 2081 -1
185 2356 1
185 2379 1
186 379 -1
186 1234 -1
186 1504 1
186 1604 -1
186 1916 1
186 2076 -1
187 296 -1
187 455 -1
187 1691 -1
187 1870 -1
187 2530 -1
188 292 1
188 683 -1
188 803 1
188 978 -1
188 1686 -1
188 1810 -1
189 487 -1
189 1247 -1
189 2357 -1
189 2383 1
189 2660 1
190 225 -1
190 1028 1
190 1457 -1
190 1465 1
190 1841 -1
190 2528 -1
191 430 1
191 1472 -1
191 1545 -1
191 1606 -1
191 2338 1
191 2645 -1
192 290 1
192 492 -1
192 994 -1
192 1081 -1
192 2497 -1
193 387 1
193 486 1
193 496 1
193 1105 1
193 2280 -1
193 2398 1
194 308 -1
194 931 -1
194 1051 1
194 1182 -1
194 1443 -1
194 1540 1
195 672 1
195 980 1
195 1687 1
195 2459 -1
195 2469 1
196 211 1
196 960 1
196 1136 1
196 1345 1
196 2072 1
196 2516 1
197 682 -1
197 972 1
197 1341 1
197 1585 1
197 1992 -1
197 2550 -1
198 545 1
198 1922 -1
198 2586 -1
198 2744 1
199 248 1
199 1728 1
199 2242 1
199 2682 -1
199 2718 1
199 2738 1
200 450 1
200 1543 -1
200 2226 1
200 2264 1
200 2331 -1
201 896 -1
201 1566 1
201 1950 -1
201 1954 1
201 2042 1
201 2297 1
202 688 1
202 787 -1
202 2453 -1
202 2568 1
202 2676 1
202 2742 1
203 664 -1
203 1249 1
203 1664 -1
203 1965 1
203 2045 -1
203 2279 1
204 798 -1
204 1118 -1
204 2211 1
204 2248 -1
205 515 -1
205 1839 1
205 2536 -1
205 2630 1
205 2678 1
205 2697 -1
206 723 1
206 745 -1
206 979 -1
206 1055 1
206 1433 1
206 2159 1
207 265 1
207 284 1
207 360 1
207 680 1
207 1246 -1
207 1787 -1
208 1095 -1
208 1997 -1
208 2110 -1
208 2454 -1
208 2488 1
209 1454 1
209 1624 1
209 1748 -1
209 2014 1
209 2397 1
209 2506 -1
210 381 1
210 1189 1
210 1364 -1
210 1795 1
210 1864 1
210 2610 -1
211 758 1
211 910 1
211 1794 1
211 1884 1
211 1893 1
212 217 1
212 227 1
212 1730 1
212 2289 -1
212 2724 -1
212 2733 1
213 611 -1
213 1076 1
213 1214 1
213 2392 -1
213 2648 -1
213 2707 1
214 218 -1
214 601 -1
214 1287 1
214 1288 1
214 1985 1
214 2403 1
215 348 1
215 406 -1
215 832 -1
215 933 1
215 1002 1
215 1745 1
216 1318 -1
216 1475 1
216 1524 -1
216 1964 -1
216 2360 1
216 2494 1
217 619 -1
217 1278 -1
217 1314 1
217 1339 -1
217 2060 1
218 721 -1
218 817 1
218 1406 1
218 2189 -1
218 2599 1
219 356 -1
219 1820 1
219 2015 1
219 2548 -1
220 637 1
220 1027 1
220 1149 1
220 1427 1
220 1441 -1
220 2143 1
221 1049 -1
221 1406 -1
221 2001 1
221 2599 1
222 783 -1
222 886 1
222 2081 1
222 2182 -1
222 2478 1
222 2614 -1
223 321 -1
223 753 1
223 804 -1
223 1220 1
223 1548 1
223 2063 1
224 1015 1
224 1425 1
224 2082 -1
224 2104 1
224 2170 1
224 2719 1
225 749 -1
225 1665 1
225 2262 -1
225 2674 -1
226 671 1
226 840 -1
226 1096 1
226 1445 -1
226 1539 -1
226 2101 1
227 230 -1
227 1155 -1
227 1339 1
227 1779 -1
227 2426 1
228 393 -1
228 881 -1
228 1052 1
228 1465 1
228 2168 1
228 2528 -1
229 777 -1
229 1190 1
229 1236 1
229 1449 -1
229 2695 -1
230 1730 1
230 1797 -1
230 2438 -1
230 2482 -1
230 2587 -1
231 1819 1
231 1823 -1
231 2054 1
231 2134 1
231 2144 -1
231 2186 -1
232 367 1
232 1206 -1
232 1410 -1
232 1643 -1
232 1876 -1
232 2662 -1
233 368 1
233 1349 1
233 1805 -1
233 1847 1
233 2518 -1
234 608 -1
234 964 1
234 1312 -1
234 1867 -1
234 1868 1
234 1904 1
235 923 1
235 1000 1
235 1206 -1
235 1223 1
235 1643 -1
235 2415 1
236 764 -1
236 911 -1
236 1708 -1
236 2190 -1
236 2386 1
236 2605 -1
237 945 1
237 946 1
237 1090 -1
237 1390 1
237 2010 1
237 2445 1
238 383 -1
238 1307 -1
238 1327 1
238 1917 -1
238 2213 1
239 290 1
239 492 -1
239 1290 1
239 1557 -1
239 2011 -1
239 2055 -1
240 264 1
240 327 -1
240 1196 1
240 1455 -1
240 1497 -1
240 1855 -1
241 1124 1
241 1126 1
241 1807 -1
241 1927 1
241 2278 -1
241 2458 1
242 665 1
242 1065 1
242 1331 -1
242 1453 1
242 1693 1
242 2198 -1
243 1615 1
243 1965 1
243 2238 1
243 2279 1
243 2490 -1
243 2541 1
244 600 1
244 1268 -1
244 1771 -1
244 2347 -1
244 2678 -1
244 2698 1
245 488 1
245 1053 1
245 1233 1
245 2007 1
246 367 1
246 504 -1
246 1372 -1
246 1410 -1
246 2077 -1
246 2666 -1
247 602 1
247 982 -1
247 1176 -1
247 1310 -1
247 1441 -1
247 2143 -1
248 606 -1
248 1536 1
248 1968 1
248 2367 -1
248 2373 -1
249 286 1
249 340 -1
249 937 1
249 1352 1
249 2057 1
249 2133 1
250 681 -1
250 969 -1
250 1291 -1
250 2510 -1
250 2525 -1
250 2619 1
251 285 1
251 423 -1
251 548 1
251 1476 -1
251 1724 -1
252 727 -1
252 1278 1
252 1314 1
252 1338 -1
252 2082 -1
252 2719 1
253 339 -1
253 873 1
253 1458 1
253 1580 1
253 2105 -1
253 2656 -1
254 658 -1
254 1683 1
254 2648 -1
254 2707 1
254 2713 -1
255 614 1
255 1701 -1
255 2128 1
255 2489 -1
255 2633 -1
256 376 -1
256 772 1
256 1383 1
256 1714 1
256 1785 -1
256 2311 1
257 270 1
257 1486 1
257 1595 -1
257 1944 1
258 709 -1
258 1543 -1
258 2199 -1
258 2463 1
258 2637 1
259 726 1
259 1060 1
259 1359 1
259 2203 -1
259 2483 1
259 2659 1
260 359 1
260 644 -1
260 900 1
260 915 -1
260 1266 1
260 2715 -1
261 594 1
261 786 -1
261 794 -1
261 1241 -1
261 2344 -1
262 763 -1
262 1408 -1
262 1826 -1
262 1921 1
262 2613 1
263 335 1
263 858 1
263 2111 -1
263 2209 -1
264 481 1
264 942 -1
264 949 1
264 2026 -1
264 2430 -1
265 374 -1
265 887 1
265 892 1
265 1001 -1
266 380 1
266 390 1
266 845 -1
266 1512 1
266 2071 1
266 2643 1
267 536 1
267 736 1
267 788 -1
267 821 -1
267 1962 1
267 2148 1
268 304 1
268 605 1
268 709 -1
268 1479 -1
268 2021 -1
268 2199 1
269 305 -1
269 452 1
269 1394 1
269 1743 -1
269 2621 -1
270 1080 1
270 1195 1
270 1298 1
271 345 1
271 1014 -1
271 1531 -1
271 1823 1
271 2095 1
271 2144 -1
272 1235 -1
272 1385 -1
272 1616 -1
272 1980 -1
272 2034 -1
272 2207 1
273 370 -1
273 842 -1
273 1263 1
273 1279 -1
273 1830 1
273 1966 -1
274 551 -1
274 1143 -1
274 1988 1
274 2002 -1
274 2405 -1
274 2581 1
275 1797 -1
275 2266 -1
275 2372 -1
275 2492 -1
275 2520 1
275 2700 1
276 781 -1
276 1814 -1
276 2353 1
276 2634 1
276 2635 1
276 2712 1
277 397 1
277 767 -1
277 833 1
277 1738 1
278 386 -1
278 720 1
278 1038 1
278 1571 -1
278 1607 -1
278 2534 -1
279 1115 1
279 1272 -1
279 1793 1
279 2387 1
279 2637 1
280 1258 -1
280 1569 -1
280 2025 1
280 2596 1
280 2652 -1
280 2668 1
281 311 1
281 485 -1
281 1437 1
281 1473 1
281 2450 1
281 2465 -1
282 325 -1
282 957 -1
282 1243 1
282 1351 1
282 1491 -1
282 1650 -1
283 418 1
283 433 -1
283 822 -1
283 1198 -1
283 2216 -1
284 1166 -1
284 1791 -1
284 2019 -1
284 2112 1
284 2317 -1
285 420 -1
285 1369 1
285 2318 1
285 2696 1
286 729 -1
286 1703 -1
286 1843 1
286 2668 -1
287 440 1
287 715 1
287 1263 -1
287 1279 1
287 1533 1
287 2108 -1
288 404 1
288 639 -1
288 1242 1
288 1786 1
289 497 -1
289 1221 -1
289 1514 1
289 1687 1
289 2469 -1
289 2508 -1
290 572 1
290 674 1
290 852 -1
290 1380 -1
291 321 -1
291 429 -1
291 753 1
291 759 -1
291 1900 -1
291 2254 -1
292 309 1
292 310 -1
292 1836 1
292 1987 1
292 2027 1
293 672 -1
293 801 1
293 993 1
293 1374 1
293 1719 1
294 735 -1
294 779 -1
294 2230 1
294 2702 -1
295 871 -1
295 1159 -1
295 1281 -1
295 1475 1
295 1524 1
295 2018 -1
296 913 1
296 1003 1
296 1302 1
296 1883 1
296 2173 1
297 562 1
297 1034 -1
297 1255 -1
297 1767 1
297 2250 1
298 657 -1
298 797 -1
298 1243 -1
298 1349 -1
298 1982 1
298 2467 -1
299 603 -1
299 776 -1
299 1111 1
299 1192 1
299 1325 1
299 2335 -1
300 658 1
300 1566 1
300 1683 -1
300 1914 -1
300 2297 1
301 353 -1
301 970 -1
301 1123 -1
301 1400 1
301 2481 1
301 2607 -1
302 442 1
302 1214 -1
302 1528 1
302 2016 -1
302 2648 -1
303 1070 -1
303 1628 -1
303 1958 1
303 2307 -1
303 2313 -1
303 2446 1
304 865 -1
304 985 1
304 1727 -1
304 1984 -1
304 2540 1
305 503 1
305 1713 -1
305 2139 -1
305 2147 -1
305 2492 1
306 770 -1
306 1180 1
306 1289 1
306 1878 -1
306 2115 -1
306 2514 -1
307 481 -1
307 1672 -1
307 2026 -1
307 2285 -1
307 2351 1
307 2423 -1
308 366 1
308 561 -1
308 1024 -1
308 2364 1
309 921 -1
309 978 -1
309 1193 -1
309 1481 -1
309 1649 1
310 596 1
310 683 1
310 1036 1
310 1435 1
310 1439 -1
311 354 1
311 796 -1
311 2125 -1
311 2134 1
311 2144 1
312 364 -1
312 981 1
312 1909 -1
312 2536 1
312 2630 1
313 329 1
313 464 1
313 490 1
313 648 -1
313 1727 -1
313 2194 1
314 1204 1
314 1308 1
314 1423 -1
314 1668 1
314 2080 1
315 708 1
315 811 -1
315 872 1
315 1032 1
315 1704 -1
316 1068 1
316 1116 1
316 1290 1
316 1393 -1
316 2055 -1
316 2432 -1
317 649 1
317 809 1
317 967 1
317 1008 -1
317 1353 1
317 2404 1
318 436 -1
318 668 -1
318 1530 1
318 1711 1
318 1760 1
318 1837 1
319 333 1
319 1267 -1
319 1511 -1
319 1636 -1
319 2468 -1
319 2663 1
320 444 -1
320 908 -1
320 1403 1
320 1977 -1
320 2175 -1
320 2427 1
321 879 1
321 1907 -1
321 2596 1
321 2652 1
322 379 -1
322 972 1
322 1234 -1
322 1341 -1
322 1357 1
322 2712 -1
323 346 -1
323 775 -1
323 1030 1
323 1151 -1
323 2375 1
323 2574 1
324 904 1
324 1526 -1
324 1590 1
324 1966 1
324 2097 -1
324 2546 1
325 366 1
325 561 1
325 1317 1
325 2118 -1
325 2400 1
326 392 1
326 1313 1
326 1384 1
326 1905 -1
326 2281 1
326 2727 -1
327 1015 1
327 1418 -1
327 1936 -1
327 2170 1
327 2345 -1
328 364 1
328 609 1
328 642 1
328 982 1
328 1699 -1
328 1734 -1
329 641 -1
329 2199 1
329 2343 -1
329 2463 -1
329 2632 1
330 731 1
330 838 -1
330 1598 1
330 2268 -1
330 2301 1
330 2717 -1
331 662 -1
331 1417 1
331 1673 -1
331 2260 -1
331 2325 -1
331 2509 1
332 567 1
332 1505 1
332 1856 -1
332 2082 -1
332 2170 -1
332 2283 1
333 370 -1
333 1005 -1
333 1158 -1
333 1790 1
333 1830 -1
334 536 -1
334 665 1
334 837 -1
334 1450 -1
334 1962 1
334 2390 1
335 1171 1
335 1664 -1
335 2045 1
335 2374 -1
335 2636 -1
336 1234 1
336 1250 -1
336 1357 1
336 1604 -1
336 1757 -1
336 1889 -1
337 711 1
337 1769 -1
337 1983 1
337 2230 1
338 396 -1
338 1060 -1
338 1119 1
338 1625 1
338 1795 -1
338 2203 1
339 422 1
339 511 -1
339 513 1
339 1086 1
339 2107 -1
340 729 -1
340 1202 -1
340 1518 1
340 1907 1
340 2737 1
341 1077 -1
341 1596 -1
341 1977 -1
341 2023 1
341 2175 1
341 2228 -1
342 560 1
342 794 1
342 1309 -1
342 1973 1
342 2258 1
343 817 -1
343 926 -1
343 1047 1
343 1313 1
343 1384 1
343 2462 -1
344 682 -1
344 972 -1
344 1075 -1
344 1234 1
344 1429 1
344 1757 1
345 969 -1
345 1323 -1
345 1331 1
345 2132 -1
345 2619 -1
346 368 1
346 1408 -1
346 1805 1
346 2331 1
346 2515 1
347 619 -1
347 975 1
347 1093 1
347 1135 1
347 2060 1
347 2136 1
348 1458 1
348 1580 1
348 1665 -1
348 2090 -1
349 1322 -1
349 1706 -1
349 1993 1
349 2262 1
349 2271 1
349 2544 1
350 356 -1
350 421 1
350 586 1
350 841 -1
350 1342 1
351 1307 1
351 1438 1
351 2213 1
351 2292 1
351 2387 -1
352 1049 -1
352 1092 -1
352 1406 1
352 1928 -1
352 2189 1
352 2219 -1
353 499 1
353 532 -1
353 535 1
353 1503 -1
354 884 1
354 929 1
354 1174 -1
354 1473 1
354 2341 1
355 508 -1
355 790 -1
355 1478 -1
355 1807 -1
355 2249 1
355 2326 1
356 506 1
356 1140 1
356 1295 -1
356 2227 -1
357 731 -1
357 1598 1
357 1770 1
357 2218 1
357 2229 -1
358 599 -1
358 890 -1
358 1153 1
358 1324 -1
358 1482 1
358 2354 1
359 693 1
359 891 -1
359 961 -1
359 2277 1
359 2582 -1
360 1275 1
360 1791 1
360 2421 1
361 1173 1
361 1187 1
361 1601 -1
361 1783 1
361 1961 1
361 2322 1
362 609 -1
362 754 1
362 839 -1
362 1699 1
362 2722 1
363 1239 1
363 1392 1
363 1861 1
363 2204 -1
363 2418 1
363 2659 1
364 822 1
364 2140 -1
364 2291 1
364 2486 1
365 698 1
365 757 -1
365 1119 1
365 1625 -1
365 1746 -1
365 2424 -1
366 455 -1
366 1597 -1
366 2582 -1
367 1262 -1
367 1363 1
367 1402 -1
367 1480 1
368 546 -1
368 1417 1
368 2040 -1
368 2325 1
369 1096 1
369 1144 -1
369 1225 -1
369 1413 1
369 1539 1
369 2224 -1
370 1489 -1
370 1655 1
370 1806 -1
370 2247 -1
371 777 -1
371 814 -1
371 1378 1
371 2477 1
371 2695 1
371 2734 -1
372 576 -1
372 717 -1
372 1011 1
372 1292 -1
372 1814 1
373 479 1
373 957 1
373 1351 -1
373 1817 -1
373 1908 1
373 2623 1
374 1246 1
374 1551 1
374 1578 1
374 1892 -1
374 2047 1
375 673 1
375 818 -1
375 1117 -1
375 2132 -1
375 2510 1
375 2619 1
376 605 1
376 1184 1
376 1479 -1
376 1815 -1
377 426 1
377 565 1
377 708 1
377 2340 1
378 396 -1
378 470 1
378 1334 -1
378 1625 1
378 2424 -1
379 574 1
379 1635 1
379 2165 -1
380 570 -1
380 853 1
380 956 1
380 2413 -1
381 864 1
381 1213 -1
381 1405 1
381 2008 1
382 645 -1
382 2075 -1
382 2461 -1
382 2559 -1
382 2592 -1
383 1066 -1
383 1782 1
383 1832 1
383 2487 -1
384 678 1
384 965 1
384 1825 1
384 2217 1
385 1091 -1
385 1112 -1
385 1609 1
385 2171 -1
385 2460 1
386 860 -1
386 1461 1
386 1867 1
386 2276 -1
386 2562 -1
387 1321 -1
387 2013 1
387 2187 -1
387 2428 1
387 2608 -1
388 969 -1
388 1273 1
388 2132 1
388 2290 -1
388 2430 -1
388 2510 1
389 547 -1
389 695 -1
389 1037 1
389 1804 -1
389 1975 1
389 2079 1
390 871 1
390 956 -1
390 1231 -1
390 1281 -1
390 2253 1
391 1472 -1
391 1578 -1
391 1621 1
391 1702 -1
391 2031 1
391 2673 1
392 420 -1
392 1004 -1
392 2308 -1
392 2549 -1
392 2598 1
393 1265 -1
393 1632 1
393 1677 1
393 1923 1
393 2655 1
394 846 -1
394 1022 1
394 1325 -1
394 1490 1
394 2120 -1
394 2335 1
395 1016 1
395 1064 -1
395 1252 -1
395 2292 -1
396 864 1
396 1103 1
396 1717 1
396 2622 1
397 703 1
397 838 1
397 1424 1
397 2124 1
397 2301 1
398 727 -1
398 1338 -1
398 1449 1
398 2415 1
399 427 1
399 727 1
399 1265 1
399 1677 -1
400 1199 1
400 1409 -1
400 1827 1
400 1875 1
400 2389 1
400 2573 1
401 945 1
401 946 -1
401 1156 -1
401 1545 1
401 2338 1
401 2631 1
402 1228 -1
402 1404 1
402 1838 1
402 2075 -1
402 2628 1
402 2692 1
403 1012 -1
403 1154 -1
403 1471 1
403 1532 1
403 2588 1
404 585 -1
404 964 1
404 1143 -1
404 2555 -1
404 2581 1
405 763 -1
405 1595 1
405 1873 -1
405 1997 1
406 1541 -1
406 1602 1
406 1665 1
406 2131 1
407 472 -1
407 919 -1
407 1339 1
407 1779 1
408 886 1
408 1030 1
408 1151 -1
408 1614 -1
408 1735 1
408 2303 1
409 1015 -1
409 1163 1
409 1803 1
409 1888 -1
409 2302 1
409 2719 1
410 699 1
410 834 -1
410 1219 1
410 1228 -1
410 1770 1
411 462 1
411 898 1
411 1198 1
411 1720 -1
411 2644 1
412 1544 1
412 1813 -1
412 2320 -1
412 2323 -1
412 2380 -1
413 441 1
413 826 -1
413 1271 -1
413 1617 -1
413 2326 1
413 2694 1
414 604 1
414 829 -1
414 1129 1
414 1152 1
414 1395 1
414 2615 1
415 803 1
415 1891 -1
415 1931 1
415 2247 -1
416 1291 1
416 1323 1
416 1459 -1
416 1680 1
416 2420 1
416 2619 -1
417 485 1
417 671 -1
417 1437 1
417 2101 -1
417 2291 1
418 839 -1
418 1326 1
418 1510 -1
418 1699 1
418 1849 -1
419 904 -1
419 1526 -1
419 1863 1
419 1883 1
419 2342 1
419 2715 -1
420 669 1
420 1032 1
420 1104 1
420 1724 -1
421 491 1
421 630 1
421 1360 -1
421 2227 1
421 2726 -1
422 487 1
422 1896 -1
422 2105 -1
422 2333 -1
422 2660 1
423 583 1
423 765 -1
423 1842 -1
423 2099 1
424 547 -1
424 666 -1
424 1676 -1
424 1690 1
424 1804 1
424 2239 1
425 2111 1
425 2496 -1
425 2531 1
425 2566 1
426 578 1
426 1858 -1
426 1954 -1
426 2523 1
426 2560 -1
427 512 -1
427 948 -1
427 1337 -1
427 1401 1
427 2130 -1
428 1539 -1
428 1654 -1
428 1705 1
428 1851 1
428 2224 1
429 1755 1
429 2155 1
429 2200 -1
429 2652 -1
430 889 -1
430 1654 -1
430 1851 1
430 2386 1
431 1204 1
431 1391 -1
431 1486 -1
431 1708 -1
431 1857 1
431 2488 -1
432 682 1
432 1075 1
432 1340 -1
432 2068 -1
432 2160 -1
432 2566 1
433 916 1
433 1132 1
433 1326 1
433 1506 -1
433 2162 1
434 1159 -1
434 1524 -1
434 2096 1
434 2293 1
434 2360 1
434 2696 1
435 697 1
435 1184 1
435 1758 -1
435 1799 -1
435 2174 1
436 1005 1
436 1158 1
436 2176 -1
436 2304 1
436 2730 1
437 631 1
437 1292 -1
437 1317 -1
437 2114 -1
437 2370 1
437 2400 -1
438 893 -1
438 2058 -1
438 2068 -1
438 2180 -1
438 2503 -1
438 2600 1
439 912 1
439 950 -1
439 1020 -1
439 1702 -1
439 1789 1
440 1672 -1
440 1910 1
440 1951 -1
440 1956 1
440 2423 -1
441 706 -1
441 758 -1
441 769 1
441 1531 1
441 2215 -1
442 556 1
442 1081 1
442 1563 -1
442 1764 -1
442 1955 -1
443 1094 1
443 2223 1
443 2569 1
443 2583 -1
443 2710 -1
443 2714 -1
444 753 -1
444 901 1
444 1900 -1
444 2005 1
444 2063 -1
445 473 -1
445 663 1
445 998 1
445 1564 1
445 2001 1
445 2041 -1
446 457 -1
446 1083 1
446 1556 -1
446 1894 1
446 2192 1
446 2545 1
447 934 -1
447 995 1
447 1300 -1
447 1809 -1
447 2414 -1
447 2720 1
448 537 1
448 1007 -1
448 1936 -1
448 2345 -1
449 575 1
449 954 1
449 1749 1
449 1772 -1
449 2472 -1
449 2520 -1
450 466 -1
450 1735 -1
450 2303 1
450 2522 -1
450 2547 -1
451 577 -1
451 623 1
451 811 1
451 2177 -1
451 2394 1
452 952 1
452 1448 1
452 1628 1
452 2035 -1
453 1203 1
453 1466 -1
453 2142 1
453 2695 -1
453 2734 1
454 606 -1
454 995 -1
454 1080 1
454 1371 -1
454 1968 1
454 2251 -1
455 1003 1
455 1317 -1
455 2370 1
456 835 1
456 1250 -1
456 2146 1
456 2183 -1
456 2601 -1
456 2740 -1
457 521 1
457 661 -1
457 1297 1
457 1886 1
457 2405 1
458 555 -1
458 760 -1
458 788 -1
458 1033 -1
458 2148 -1
459 828 -1
459 1957 1
459 2090 -1
459 2421 1
460 1225 -1
460 1654 -1
460 2164 1
460 2190 1
460 2224 1
460 2386 -1
461 780 1
461 1247 1
461 2078 1
461 2212 1
461 2245 1
462 506 -1
462 1140 1
462 1553 1
462 1849 1
462 2206 -1
463 530 1
463 764 1
463 975 1
463 1093 -1
463 2386 1
464 499 1
464 535 1
464 1619 1
464 2234 1
464 2343 -1
465 810 1
465 1411 1
465 1511 -1
465 1636 -1
465 2059 -1
465 2641 -1
466 1387 1
466 1525 1
466 2135 1
466 2264 -1
466 2606 1
467 1691 1
467 1799 1
467 1870 -1
467 2327 1
467 2609 1
468 582 1
468 642 1
468 1825 1
468 2388 -1
468 2690 1
469 529 -1
469 881 1
469 1268 -1
469 1401 1
469 2698 -1
470 904 1
470 1863 1
470 2004 -1
470 2330 1
470 2572 -1
471 838 -1
471 1168 -1
471 1598 -1
471 1638 1
471 1882 -1
471 2124 1
472 894 -1
472 1547 1
472 1644 1
472 1753 -1
472 1781 -1
473 475 -1
473 607 1
473 1237 1
473 1505 1
473 2677 -1
474 621 -1
474 1901 -1
474 2265 -1
474 2374 1
475 663 1
475 705 -1
475 1624 1
475 1748 -1
476 542 1
476 766 -1
476 943 -1
476 2039 1
476 2220 1
477 511 1
477 1009 -1
477 1086 -1
477 1457 -1
477 1465 -1
477 2168 -1
478 977 1
478 1672 -1
478 1956 1
478 2070 -1
478 2225 1
478 2471 -1
479 1127 1
479 1673 1
479 1785 1
479 2269 1
479 2300 -1
480 1359 1
480 1796 1
480 1861 -1
480 2287 1
480 2382 1
480 2659 -1
481 587 -1
481 859 -1
481 1575 1
481 1855 -1
482 861 1
482 1335 -1
482 1442 -1
482 1911 -1
482 2338 1
482 2645 -1
483 558 1
483 1112 -1
483 1414 1
483 1742 -1
483 2171 -1
483 2377 -1
484 687 1
484 1575 -1
484 1726 -1
484 2289 -1
484 2329 1
485 981 1
485 1681 -1
485 2125 -1
485 2241 1
486 1179 -1
486 1924 1
486 2298 -1
486 2428 -1
487 1371 -1
487 2107 -1
487 2268 1
487 2624 -1
488 999 -1
488 1153 1
488 1324 -1
488 1964 1
488 2494 -1
489 505 1
489 740 -1
489 2119 1
489 2165 -1
489 2548 1
490 1272 1
490 1456 -1
490 2234 -1
490 2463 1
490 2637 -1
491 930 1
491 2015 1
491 2045 1
491 2374 1
492 896 1
492 1659 -1
492 1852 -1
492 2042 -1
493 850 1
493 1054 1
493 1615 -1
493 1619 -1
493 2234 1
493 2279 -1
494 1010 1
494 1555 1
494 1582 1
494 1792 -1
494 1963 1
495 849 -1
495 1320 1
495 1890 -1
495 2370 -1
495 2412 -1
496 801 1
496 1179 1
496 1226 -1
496 1945 1
496 2608 1
497 744 1
497 875 -1
497 1114 1
497 1692 -1
498 547 -1
498 666 -1
498 1130 -1
498 1542 1
498 1774 1
498 1975 -1
499 916 1
499 1121 -1
499 1132 1
499 2194 1
500 1351 -1
500 1815 1
500 2174 1
500 2609 -1
500 2623 1
501 1035 -1
501 1771 -1
501 1829 1
501 1839 -1
501 2580 1
501 2678 -1
502 757 1
502 1119 1
502 1392 1
502 1616 -1
502 2204 1
502 2207 -1
503 725 1
503 1391 -1
503 2454 -1
503 2488 1
504 513 -1
504 606 1
504 1363 1
504 1559 -1
504 2251 1
505 1152 -1
505 1373 1
505 2061 1
505 2615 1
506 586 -1
506 1144 -1
506 1413 -1
506 1495 -1
507 648 -1
507 865 -1
507 1727 1
507 1744 1
507 1850 1
507 1859 1
508 645 -1
508 1637 -1
508 1846 -1
508 2184 1
508 2592 1
509 1164 1
509 1173 1
509 1216 -1
509 1227 1
509 1562 -1
509 2687 -1
510 636 -1
510 1134 -1
510 1519 -1
510 1926 -1
511 730 -1
511 1372 -1
511 1580 1
512 727 1
512 1425 -1
512 1856 1
512 2082 1
513 1372 1
513 2333 1
513 2563 -1
513 2738 -1
514 550 -1
514 1102 -1
514 1444 1
514 1671 -1
514 1976 1
514 2435 1
515 667 -1
515 999 -1
515 1305 -1
515 1561 1
515 1964 -1
516 705 1
516 1406 -1
516 1776 1
516 1947 -1
516 2219 -1
517 743 1
517 834 1
517 1219 1
517 1523 1
517 1906 1
517 2543 -1
518 1008 -1
518 1353 1
518 1599 1
518 2052 -1
518 2306 -1
518 2444 -1
519 1347 1
519 1985 -1
519 2029 1
519 2151 1
519 2403 -1
519 2713 1
520 1665 -1
520 2090 -1
520 2131 1
520 2674 -1
521 790 -1
521 962 -1
521 1478 -1
521 1763 -1
521 2639 -1
522 950 -1
522 1061 -1
522 1150 -1
522 1501 1
522 1702 -1
522 2031 -1
523 597 -1
523 1980 1
523 2034 1
523 2088 -1
523 2188 1
523 2316 1
524 751 -1
524 1120 1
524 1374 -1
524 1399 1
524 2150 -1
524 2244 -1
525 1110 1
525 1217 1
525 1373 1
525 1919 -1
525 2615 -1
526 772 1
526 865 -1
526 1232 1
526 1773 -1
526 2540 1
527 576 -1
527 1346 -1
527 1412 -1
527 2299 1
528 583 -1
528 929 -1
528 1842 1
528 1915 1
528 1925 1
528 2564 1
529 537 -1
529 1993 -1
529 2270 1
529 2271 -1
530 1073 -1
530 1335 -1
530 2266 1
530 2521 -1
530 2647 1
531 984 1
531 1388 1
531 1823 -1
531 2054 -1
531 2551 1
531 2631 1
532 916 1
532 1040 -1
532 1123 -1
532 2138 -1
532 2162 1
533 584 1
533 1324 1
533 1482 -1
533 2319 1
533 2441 1
533 2494 1
534 1055 1
534 1087 1
534 1667 -1
534 2288 -1
534 2452 1
534 2729 1
535 648 -1
535 970 -1
535 1170 -1
535 2067 -1
536 1232 -1
536 1773 -1
536 2074 -1
536 2313 -1
537 2355 -1
537 2676 1
537 2742 1
538 714 -1
538 1373 -1
538 1452 1
538 1722 1
538 2141 -1
539 610 1
539 1566 1
539 1659 -1
539 1683 1
539 2042 1
539 2339 1
540 1233 1
540 1685 -1
540 1688 1
540 1701 -1
540 2000 -1
541 659 1
541 748 -1
541 1369 -1
541 1473 1
541 2318 1
541 2450 -1
542 693 -1
542 1175 1
542 1403 -1
542 2155 1
543 581 -1
543 1156 1
543 1545 -1
543 1567 -1
543 1606 1
543 1994 1
544 1950 -1
544 1954 1
544 2317 1
544 2560 1
544 2591 -1
544 2704 -1
545 1840 -1
545 1878 -1
545 2038 -1
545 2409 1
545 2514 -1
546 1408 -1
546 2201 1
546 2606 1
546 2613 1
547 576 -1
547 1346 -1
547 2557 1
548 1159 1
548 1218 1
548 1697 1
548 2126 -1
548 2696 -1
549 833 1
549 887 -1
549 892 -1
549 1871 1
549 2086 -1
549 2129 -1
550 584 -1
550 990 -1
550 1057 -1
550 2046 -1
550 2612 -1
551 615 -1
551 1065 -1
551 1469 1
551 1535 -1
551 2513 1
552 636 1
552 1512 -1
552 1926 1
552 2071 1
552 2093 1
552 2439 1
553 881 -1
553 1465 -1
553 1576 1
553 1841 1
553 2511 1
553 2698 1
554 643 1
554 843 1
554 972 -1
554 1357 1
554 1757 -1
554 2556 1
555 913 1
555 1003 -1
555 1317 1
555 1584 -1
555 2114 -1
556 1142 -1
556 1784 -1
556 2163 -1
557 569 -1
557 1621 -1
557 1739 1
557 1845 -1
557 1960 -1
558 909 -1
558 1284 1
558 1415 1
559 654 -1
559 778 -1
559 948 1
559 1035 -1
559 1337 -1
559 1771 -1
560 828 -1
560 1145 1
560 1957 -1
560 2087 -1
560 2702 -1
561 957 1
561 1051 1
561 1130 1
561 1908 1
562 637 1
562 1040 1
562 2138 1
563 640 -1
563 770 1
563 1178 1
563 1180 1
563 1183 -1
563 2593 1
564 577 1
564 773 -1
564 1551 -1
564 1739 1
564 2273 1
565 578 1
565 944 1
565 1471 -1
565 1914 -1
566 1321 -1
566 1572 1
566 2009 -1
566 2187 1
566 2571 -1
566 2576 -1
567 1196 -1
567 1454 -1
567 1726 -1
567 2014 1
568 644 -1
568 1024 1
568 1266 1
568 1301 1
568 2036 1
568 2364 -1
569 1445 -1
569 1484 -1
569 1539 -1
570 755 -1
570 845 1
570 926 -1
570 1047 1
570 1416 -1
571 991 -1
571 1711 -1
571 1760 -1
571 1761 -1
571 2274 1
572 699 1
572 743 -1
572 1219 -1
572 1290 -1
572 2432 -1
573 762 1
573 970 1
573 1092 1
573 1170 -1
573 1732 1
573 1928 -1
574 1152 -1
574 1240 1
574 1395 1
574 2634 -1
574 2712 -1
575 619 1
575 764 -1
575 975 -1
575 1818 -1
575 2605 -1
576 695 1
576 1774 1
577 1316 1
577 1858 1
577 1940 1
577 2739 1
578 914 -1
578 1079 1
578 1585 1
578 1992 -1
579 1368 -1
579 1754 -1
579 1827 1
579 1874 1
579 2363 -1
579 2670 1
580 581 -1
580 1637 1
580 1660 -1
580 2058 -1
580 2592 1
580 2600 1
581 1126 -1
581 1238 -1
581 1807 1
581 2249 1
582 659 -1
582 1316 -1
582 1871 -1
582 2083 1
582 2739 1
583 966 1
583 1282 -1
583 2620 -1
584 955 -1
584 1444 -1
584 1904 -1
585 1083 -1
585 1894 1
585 2328 -1
586 630 -1
586 1020 1
586 1496 -1
587 942 -1
587 1226 1
587 1945 -1
587 2285 -1
587 2577 -1
588 1200 -1
588 1404 1
588 1417 1
588 2260 1
588 2501 -1
588 2628 1
589 818 -1
589 949 -1
589 1333 1
589 1633 1
589 2026 -1
589 2423 -1
590 632 -1
590 675 -1
590 1447 1
590 1953 1
590 2379 -1
590 2700 1
591 1443 -1
591 1540 -1
591 1550 1
591 1698 1
591 2012 1
591 2408 1
592 599 -1
592 771 1
592 1153 1
592 1516 1
592 2440 1
593 652 -1
593 1309 1
593 1709 -1
593 2158 -1
593 2258 -1
593 2470 1
594 735 1
594 1025 1
594 1642 1
594 2135 1
594 2537 -1
595 888 1
595 1840 -1
595 2029 -1
595 2409 1
595 2707 1
595 2713 1
596 1050 1
596 1836 1
596 2050 -1
596 2176 -1
597 883 1
597 897 1
597 1534 -1
597 1721 -1
598 1129 -1
598 1303 1
598 1395 1
598 1628 -1
598 1958 -1
598 2035 1
599 1018 -1
599 1488 -1
599 1689 -1
599 2479 1
600 1322 -1
600 1993 1
601 1092 1
601 1257 1
601 1406 -1
601 1776 -1
601 2417 -1
602 667 -1
602 1421 -1
602 2140 1
602 2431 -1
602 2589 1
603 1034 -1
603 1802 -1
603 2390 1
603 2638 -1
604 1078 -1
604 1432 -1
604 2252 1
604 2473 -1
604 2519 -1
605 772 1
605 865 -1
605 1023 -1
605 1850 -1
606 1967 -1
606 2077 1
606 2738 -1
607 626 -1
607 894 1
607 1564 1
607 1624 1
607 2014 1
608 1367 -1
608 1469 -1
608 1535 1
608 2172 -1
608 2476 1
609 737 -1
609 844 -1
610 1048 1
610 1426 -1
610 1557 1
610 2011 1
610 2178 1
611 863 -1
611 1348 -1
611 1866 1
611 2106 1
611 2456 1
612 1385 1
612 2197 1
612 2204 -1
612 2207 -1
612 2418 -1
612 2594 -1
613 682 1
613 1079 1
613 1429 1
613 1992 1
613 2068 -1
613 2180 -1
614 1034 1
614 1767 1
614 1802 1
614 2305 -1
615 964 -1
615 1312 1
615 1685 1
615 2000 1
615 2581 -1
616 650 1
616 675 -1
616 925 1
616 976 1
616 2356 -1
616 2379 1
617 1330 -1
617 1657 -1
617 1933 1
617 2028 1
617 2442 1
617 2453 1
618 621 -1
618 798 -1
618 906 1
618 1549 1
618 1740 1
618 1901 1
619 1749 1
619 2191 1
619 2733 -1
620 1512 -1
620 1640 1
620 2358 1
620 2439 -1
620 2643 -1
621 1082 1
621 1340 1
621 1504 1
621 2076 -1
622 645 1
622 1200 1
622 2127 1
622 2184 1
622 2437 -1
622 2461 -1
623 659 -1
623 1437 1
623 1473 1
623 2341 1
623 2739 -1
624 726 -1
624 1128 1
624 1239 -1
624 1378 -1
624 2287 -1
624 2659 1
625 833 -1
625 892 1
625 1275 1
625 2429 -1
626 967 -1
626 1008 1
626 2052 1
626 2393 -1
627 1286 -1
627 1346 -1
627 1412 1
627 1905 -1
627 2557 1
628 917 -1
628 1189 1
628 1334 1
628 1625 -1
628 1795 1
628 2716 1
629 971 1
629 1795 -1
629 1864 1
629 2122 1
629 2203 -1
629 2483 1
630 1021 1
630 1280 1
630 1495 1
630 2657 1
631 1253 1
631 1254 1
631 1491 -1
631 1594 1
631 1650 -1
632 725 1
632 1486 1
632 1595 -1
632 1997 -1
632 2488 1
633 705 -1
633 746 1
633 1165 1
633 1315 1
633 1748 -1
633 1947 -1
634 1637 -1
634 2180 -1
634 2273 1
634 2600 -1
635 670 -1
635 978 1
635 1649 1
635 1686 1
635 2073 -1
635 2475 1
636 1235 -1
636 1328 1
636 1385 1
637 1767 -1
637 1898 -1
637 2431 -1
637 2589 1
638 1079 -1
638 1778 -1
638 2068 1
638 2503 1
638 2531 1
638 2566 -1
639 813 -1
639 1116 -1
639 1393 -1
639 1444 1
639 2435 -1
640 699 1
640 743 -1
640 834 1
640 2237 1
640 2501 -1
641 648 1
641 762 1
641 1170 1
641 1850 -1
641 2736 1
642 2083 -1
642 2310 1
642 2486 1
643 1532 -1
643 1662 1
643 1679 -1
643 2588 -1
643 2627 -1
644 1872 -1
644 2530 1
644 2582 -1
645 700 1
645 1478 -1
645 2466 -1
646 815 -1
646 1653 -1
646 1681 -1
646 1694 1
646 1731 1
646 2241 1
647 806 -1
647 1142 1
647 1214 1
647 1525 -1
647 1970 1
648 1463 -1
648 1503 1
649 717 1
649 1292 -1
649 1712 -1
649 2370 -1
649 2412 -1
650 795 1
650 917 -1
650 1435 1
650 2261 1
650 2716 1
651 1222 1
651 1384 -1
651 1869 -1
651 2323 -1
651 2462 1
652 1239 -1
652 1414 -1
652 2171 1
652 2197 1
652 2418 1
653 1024 1
653 1301 -1
653 1470 -1
653 1765 1
653 2065 1
653 2358 1
654 685 -1
654 1109 -1
654 1592 1
654 2474 1
654 2667 1
655 811 1
655 872 -1
655 1825 -1
655 2679 1
655 2690 1
656 821 -1
656 878 1
656 1033 1
656 1254 1
656 2148 1
656 2384 -1
657 843 1
657 1521 1
657 2263 1
657 2556 1
657 2689 1
658 714 -1
658 792 1
658 1751 1
658 2141 -1
659 811 1
659 1825 -1
659 2091 1
660 995 1
660 1080 -1
660 1195 -1
660 1574 -1
660 1809 1
660 2376 -1
661 741 1
661 962 1
661 1935 -1
661 2192 1
661 2410 -1
662 1349 1
662 1679 1
662 1847 1
662 2024 1
662 2467 1
663 1498 -1
663 1663 1
663 2037 1
664 1194 -1
664 1300 -1
664 1402 1
664 1451 1
664 1480 -1
665 732 1
665 1490 -1
665 1736 -1
665 2120 -1
666 903 -1
666 1794 1
666 1875 -1
666 2573 -1
667 2007 1
667 2138 1
667 2536 -1
668 848 1
668 1488 1
668 2051 -1
668 2062 -1
668 2304 1
669 1004 1
669 1218 1
669 2096 1
669 2166 -1
669 2696 -1
670 1515 -1
670 2066 1
670 2179 -1
670 2553 -1
671 1553 -1
671 1734 1
671 1845 1
671 1960 1
672 1173 1
672 1185 -1
672 1562 -1
672 1601 1
673 732 -1
673 1094 1
673 1428 1
673 2120 -1
673 2714 -1
674 1219 1
674 1523 1
674 1638 1
674 2124 -1
674 2497 1
675 1108 1
675 1423 -1
675 1777 1
675 2080 1
676 948 -1
676 1401 -1
676 1771 1
676 2511 -1
676 2595 1
676 2698 -1
677 805 -1
677 883 1
677 915 1
677 1266 1
677 1902 -1
678 800 -1
678 1318 1
678 1421 -1
678 2275 1
678 2346 1
679 893 -1
679 1172 1
679 1220 -1
679 1507 1
679 1582 -1
679 1792 1
680 892 -1
680 1275 -1
680 1920 -1
680 2317 1
680 2591 1
681 704 1
681 1731 -1
681 2125 1
681 2241 -1
683 976 1
683 1050 1
683 1197 1
683 2314 1
684 725 1
684 1391 -1
684 1420 -1
684 1486 1
684 1917 -1
685 1035 -1
685 1123 -1
685 1400 1
685 1485 -1
685 2580 -1
686 945 1
686 984 1
686 2154 1
686 2161 1
686 2445 1
686 2631 1
687 1629 -1
687 2052 -1
687 2426 -1
687 2735 -1
688 1226 -1
688 1915 1
688 2187 -1
688 2577 -1
688 2608 -1
689 1067 1
689 1466 1
689 1999 1
689 2315 -1
689 2460 -1
690 1100 1
690 1205 -1
690 1556 -1
690 2078 -1
690 2245 -1
690 2545 1
691 799 -1
691 933 -1
691 1501 -1
691 1745 1
691 2031 1
691 2673 1
692 870 -1
692 876 -1
692 1065 1
692 1535 -1
692 1895 -1
692 2198 -1
693 774 1
693 915 -1
693 943 -1
694 785 -1
694 1043 1
694 1848 -1
694 2454 1
695 717 -1
695 899 -1
695 1712 1
695 2299 -1
696 721 1
696 817 -1
696 1222 -1
696 1384 1
696 2281 1
697 762 -1
697 1732 1
697 2422 1
697 2586 1
697 2736 -1
698 1147 -1
698 1863 -1
698 2182 -1
698 2342 1
698 2572 1
699 712 -1
699 1256 1
699 2593 -1
700 1200 -1
700 1886 1
700 2075 1
700 2411 -1
700 2628 -1
701 798 -1
701 1118 -1
701 1258 -1
701 1569 -1
701 1740 1
701 2646 -1
702 706 1
702 1368 -1
702 1827 1
702 2449 1
702 2573 1
703 767 -1
703 873 1
703 2212 1
703 2242 -1
703 2640 1
704 1720 -1
704 2519 -1
704 2525 1
704 2644 1
705 1237 1
705 1498 -1
706 1367 -1
706 1520 -1
706 2348 1
707 1054 1
707 1528 -1
707 1664 1
707 2279 1
707 2391 1
707 2636 1
708 1566 1
708 1914 1
708 1954 -1
708 2549 -1
709 768 1
709 775 -1
709 1030 -1
709 1984 -1
710 862 -1
710 1369 1
710 1583 1
710 2450 1
710 2465 1
711 724 1
711 897 -1
711 1658 -1
711 1913 1
711 2552 -1
712 953 1
712 1228 1
712 2501 -1
712 2626 -1
712 2628 -1
713 1026 -1
713 1241 -1
713 1309 -1
713 1721 1
714 1162 -1
714 1288 -1
714 1493 -1
715 1633 1
715 1645 -1
715 2351 -1
715 2423 1
716 952 -1
716 1146 -1
716 1552 1
716 1941 -1
717 1008 -1
717 1046 -1
717 1599 -1
718 1066 -1
718 1264 1
718 1358 -1
718 1832 1
718 2128 -1
718 2416 1
719 1058 1
719 1320 -1
719 1436 -1
719 2097 -1
719 2546 1
719 2723 -1
720 1018 -1
720 1700 -1
720 2084 1
720 2479 1
720 2562 1
721 1287 -1
721 1498 -1
721 1573 1
721 1663 -1
722 754 -1
722 982 -1
722 1326 -1
722 1441 -1
722 1506 -1
722 1699 -1
723 802 -1
723 997 1
723 1389 -1
723 1709 -1
723 2470 1
724 1304 -1
724 1514 -1
724 1959 1
724 1983 1
724 2508 1
725 2032 -1
725 2337 1
726 1262 -1
726 1480 -1
726 1568 -1
726 1581 -1
727 1517 1
727 2527 1
728 1867 1
728 1868 -1
728 2103 1
728 2152 1
728 2276 -1
728 2653 1
729 761 -1
729 774 1
729 1828 1
729 2195 1
730 933 -1
730 1211 -1
730 1501 1
730 2085 1
730 2168 -1
731 1071 -1
731 1100 -1
731 2078 1
732 837 1
732 1331 -1
732 1459 1
732 2619 1
733 1334 1
733 1411 -1
733 1837 -1
733 1862 -1
733 2059 -1
734 1080 1
734 1430 -1
734 1574 -1
734 2251 1
734 2295 -1
735 1721 1
735 2020 1
735 2570 -1
736 776 1
736 1232 -1
736 1325 -1
737 1311 1
737 1734 1
737 1960 1
738 893 1
738 959 -1
738 1172 1
738 1778 -1
738 2068 -1
738 2160 1
739 766 -1
739 774 1
739 849 1
739 943 1
739 1828 -1
739 2617 -1
740 1373 1
740 1722 -1
740 1854 1
740 1919 -1
740 1949 1
741 946 -1
741 1297 1
741 2010 1
741 2179 1
742 776 1
742 1192 1
742 1744 -1
742 1859 -1
742 2561 -1
742 2607 1
743 852 -1
743 1178 1
743 1245 1
744 978 -1
744 1481 1
744 1687 1
744 2244 1
744 2475 -1
745 820 1
745 997 1
745 1074 1
745 1269 1
745 2706 -1
746 1274 1
746 1538 1
746 1856 -1
746 1996 -1
746 2283 1
747 924 1
747 1724 -1
747 2320 -1
747 2725 1
748 1656 1
748 1825 1
748 1909 -1
748 2217 -1
748 2679 -1
749 1028 -1
749 1808 1
749 2294 1
749 2578 -1
750 1143 -1
750 2003 1
750 2411 -1
750 2493 -1
750 2555 1
750 2728 -1
751 861 1
751 968 1
751 1208 -1
751 1350 1
751 1442 1
752 952 1
752 1303 -1
752 1860 -1
752 1952 -1
752 2035 1
752 2206 -1
753 1294 -1
753 1596 -1
753 1977 -1
754 1728 -1
754 2541 -1
754 2718 1
755 956 1
755 1159 -1
755 1218 1
755 1281 1
755 2096 1
756 1169 -1
756 1247 -1
756 2357 1
756 2682 -1
756 2732 1
757 1097 1
757 1147 1
757 1534 -1
757 2443 1
758 960 -1
758 1201 1
758 1271 -1
758 1520 1
759 879 1
759 1210 1
759 1294 1
759 1626 -1
759 2200 1
760 1003 -1
760 1302 1
760 1436 -1
760 1522 1
760 2546 1
761 891 -1
761 1139 -1
761 1422 1
761 2737 1
762 1191 1
762 1463 1
762 1758 1
763 783 -1
763 886 1
763 1151 1
763 1343 1
764 2266 1
764 2520 -1
764 2733 -1
765 787 1
765 2320 1
765 2568 1
765 2620 1
766 830 1
766 1755 -1
766 2155 -1
766 2535 -1
767 1099 -1
767 1397 -1
767 2675 1
768 1479 1
768 1529 1
768 2331 1
768 2515 -1
769 826 1
769 960 -1
769 1367 -1
769 1469 1
769 2513 1
770 2235 1
770 2237 -1
770 2282 -1
770 2509 1
771 1260 -1
771 1689 -1
771 2371 1
771 2669 -1
771 2683 -1
772 1229 1
772 1270 1
772 2021 -1
773 892 1
773 1316 1
773 1871 -1
773 2429 -1
773 2591 -1
774 891 1
774 1518 1
774 2155 1
775 1064 1
775 2021 -1
775 2292 -1
775 2515 1
776 2259 -1
776 2638 1
776 2641 1
777 1248 -1
777 1568 -1
777 1716 -1
777 2622 1
778 823 -1
778 1835 -1
778 2210 -1
778 2366 1
778 2474 -1
779 1160 -1
779 1356 -1
779 1467 -1
779 2570 1
779 2701 -1
780 866 -1
780 1098 1
780 1358 -1
780 2113 -1
780 2416 1
781 902 -1
781 1012 1
781 2256 -1
782 1279 -1
782 1966 1
782 2097 1
782 2438 1
782 2587 1
782 2723 -1
783 1921 -1
783 2116 -1
783 2349 -1
784 802 1
784 989 -1
784 1389 -1
784 1500 1
784 1808 -1
784 1913 1
785 1250 1
785 1396 -1
785 1889 1
785 2222 -1
785 2740 -1
786 1392 1
786 1642 1
786 1861 -1
786 2044 -1
786 2382 -1
787 1474 -1
787 2013 -1
787 2187 -1
787 2571 -1
788 1522 1
788 2569 -1
788 2583 -1
789 830 -1
789 1989 -1
789 2248 1
789 2385 -1
789 2535 -1
789 2538 -1
790 1156 -1
790 1388 -1
790 1567 1
790 2631 1
791 980 1
791 1514 1
791 1824 -1
791 1959 1
791 2469 1
791 2534 -1
792 1288 -1
792 1468 -1
792 1985 -1
792 2713 -1
793 1003 1
793 1320 1
793 1526 -1
793 1883 1
793 2546 -1
794 806 1
794 1414 1
794 1861 -1
794 2418 -1
795 1195 -1
795 1574 -1
795 2081 1
795 2379 1
796 929 -1
796 1273 -1
796 1925 -1
796 2290 -1
796 2465 1
797 922 1
797 1714 -1
797 2311 -1
797 2484 1
797 2689 -1
798 1177 -1
798 1946 1
798 2472 -1
799 1131 1
799 1541 -1
799 1602 -1
799 1648 1
800 813 1
800 1053 -1
800 1068 -1
800 1116 -1
801 1019 -1
801 1105 -1
801 2334 -1
801 2670 -1
802 1145 -1
802 1971 1
802 2048 1
802 2594 1
803 1050 1
803 1164 1
803 1836 -1
803 2687 1
804 1570 1
804 1596 -1
804 2278 -1
804 2352 -1
804 2458 -1
805 974 1
805 1175 -1
805 1403 1
805 2231 1
805 2427 -1
806 1062 1
806 1973 1
806 2286 -1
806 2344 1
807 1076 -1
807 1289 -1
807 1878 1
807 2409 1
807 2632 -1
807 2707 1
808 1155 1
808 1631 -1
808 1779 -1
808 1989 -1
808 2248 -1
809 1003 1
809 1320 1
809 1436 1
809 2114 1
809 2370 -1
810 868 1
810 1107 -1
810 1302 1
810 2004 1
810 2173 -1
811 1316 1
811 2318 -1
812 1229 -1
812 1254 -1
812 1594 1
812 1608 1
812 2240 -1
812 2384 -1
813 958 -1
813 1554 1
813 2319 1
814 1103 1
814 1460 1
814 1725 -1
814 2622 -1
814 2629 -1
815 1418 1
815 1487 1
815 1538 1
815 2170 1
815 2283 1
816 1372 -1
816 1622 -1
816 2077 1
816 2718 -1
816 2738 1
817 939 1
817 1347 1
817 1985 -1
818 1276 1
818 2223 -1
818 2359 1
818 2714 -1
819 1198 1
819 1274 -1
819 1720 1
819 2033 1
819 2216 1
820 1055 -1
820 1087 1
820 1089 -1
820 1695 1
820 1999 -1
821 1094 1
821 2313 -1
821 2446 1
821 2583 1
822 1506 -1
822 1699 1
822 1974 -1
823 948 -1
823 1248 -1
823 1716 1
823 1969 -1
823 2130 1
824 1779 -1
824 1843 -1
824 2248 1
824 2444 -1
824 2538 -1
825 921 -1
825 1071 1
825 1649 -1
825 2105 -1
825 2660 1
826 1143 -1
826 1502 1
826 1988 -1
826 2003 1
827 882 -1
827 1000 -1
827 1128 -1
827 2211 1
828 989 -1
828 1168 -1
828 1638 1
828 2616 -1
829 1635 1
829 1820 -1
829 2165 -1
829 2193 1
829 2548 1
830 1800 1
830 2039 -1
830 2617 -1
831 1314 1
831 1888 1
831 1910 -1
831 2060 -1
831 2104 -1
831 2719 -1
832 833 1
832 887 1
832 1762 1
833 2388 1
833 2675 1
834 1387 1
834 2507 1
835 879 -1
835 2025 -1
835 2200 -1
835 2500 1
835 2652 1
836 1120 1
836 1399 1
836 1570 -1
836 2298 -1
836 2458 -1
837 1094 1
837 1552 -1
837 2307 -1
837 2313 -1
838 873 1
838 1458 1
839 1280 -1
839 1495 1
839 2490 -1
839 2541 1
840 984 1
840 1952 -1
840 2054 1
840 2161 -1
840 2186 1
841 954 1
841 1082 1
841 1295 -1
841 1496 1
841 2139 -1
842 1108 1
842 1612 -1
842 1655 -1
842 2080 1
843 1349 -1
843 1679 1
843 2123 -1
843 2518 -1
844 1311 1
844 2085 -1
844 2675 1
844 2722 -1
845 1281 -1
845 1589 -1
845 1639 -1
845 2137 -1
846 1113 -1
846 1161 -1
846 1267 -1
846 2663 1
847 1010 -1
847 1330 1
847 1892 1
847 2117 -1
847 2442 -1
848 1109 -1
848 1230 1
848 1516 1
848 1530 1
848 2667 -1
849 891 -1
849 961 -1
849 1422 -1
849 1788 1
850 1510 1
850 1854 -1
850 1919 1
850 2092 -1
851 890 -1
851 999 1
851 1255 1
851 1324 1
851 1464 1
851 2250 -1
852 1081 1
852 1523 1
852 1557 1
852 1563 1
853 924 1
853 1047 1
853 2462 1
853 2706 1
854 936 -1
854 956 -1
854 1231 -1
854 1706 1
854 2532 1
855 973 1
855 1185 1
855 1188 1
855 1306 -1
855 2153 -1
855 2267 -1
856 927 1
856 955 1
856 1116 -1
856 1444 1
856 1671 1
857 1118 1
857 1258 1
857 1843 1
857 2248 1
857 2535 -1
857 2668 -1
858 1162 -1
858 1528 1
858 1627 -1
858 2016 1
858 2636 1
859 977 1
859 1672 1
859 1888 -1
859 1910 -1
859 1945 1
860 987 1
860 1182 -1
860 1652 -1
860 2172 1
860 2495 1
861 1124 1
861 1399 1
861 1948 1
861 2458 -1
862 1031 1
862 1656 1
862 1909 -1
862 2630 1
862 2697 -1
863 1214 1
863 1528 -1
863 1970 -1
863 2226 -1
863 2391 1
864 971 -1
864 1334 -1
864 1795 -1
864 1862 -1
865 2259 1
865 2638 -1
866 958 -1
866 1256 -1
866 1354 -1
866 1556 1
866 2078 1
867 943 1
867 1526 -1
867 1590 1
867 2039 1
867 2342 1
867 2617 1
868 1942 -1
868 2059 1
868 2064 1
868 2703 -1
869 1148 1
869 1640 1
869 1674 -1
869 2422 -1
869 2586 -1
870 1014 -1
870 1428 -1
870 1588 -1
870 2095 1
871 877 1
871 1537 -1
871 1579 -1
871 1834 -1
872 896 1
872 1566 -1
872 1659 1
872 2166 1
873 1099 -1
873 2107 1
873 2268 -1
874 1637 -1
874 1747 1
874 1846 1
874 2362 -1
875 1983 -1
875 2023 1
875 2175 1
875 2427 -1
875 2508 -1
876 1513 -1
876 1588 1
876 1783 1
876 1812 -1
876 2685 1
877 956 -1
877 1159 1
877 1322 1
877 1706 -1
877 2126 1
878 1070 1
878 1244 -1
878 1508 -1
878 2446 1
879 959 -1
879 1548 1
879 2436 1
880 1906 1
880 1973 1
880 2020 -1
880 2344 -1
880 2543 -1
881 1265 1
881 2270 1
881 2302 1
882 1431 1
882 1587 -1
882 1666 -1
882 2043 -1
882 2688 1
883 974 -1
883 1251 -1
883 1304 -1
883 2088 1
884 1531 -1
884 1819 -1
884 2144 1
884 2215 -1
884 2401 1
885 891 1
885 1518 -1
885 1550 -1
885 2012 1
885 2277 1
885 2737 1
886 1826 1
886 2650 1
887 1578 1
887 1745 -1
887 2673 -1
888 1125 -1
888 1170 -1
888 1732 -1
888 2456 1
888 2736 -1
889 945 1
889 1090 1
889 1335 1
889 2338 -1
889 2647 1
890 1370 -1
890 1488 1
890 1630 1
890 2051 1
891 1890 1
892 1551 1
893 1166 -1
893 1723 -1
893 2202 1
894 1629 1
894 2052 1
894 2306 1
894 2677 -1
895 1431 -1
895 1634 -1
895 2043 1
895 2232 -1
895 2711 -1
896 1704 -1
896 2690 -1
897 1304 -1
897 2048 1
897 2188 -1
897 2230 -1
898 1110 1
898 1129 -1
898 1140 -1
898 1934 -1
898 2615 1
899 1037 1
899 1139 -1
899 1599 -1
899 1707 -1
900 1251 1
900 1419 -1
900 1872 -1
900 1980 -1
900 2088 1
901 1120 -1
901 1570 -1
901 1596 -1
901 1877 1
901 2175 1
902 1521 -1
902 1893 1
902 2556 -1
902 2558 1
902 2635 1
903 1051 -1
903 1130 1
903 1345 -1
903 1443 1
903 2214 -1
904 1647 1
904 1806 -1
904 2542 -1
905 1028 -1
905 1044 1
905 1715 1
905 1831 -1
905 2578 1
905 2683 1
906 1946 1
906 2076 -1
906 2146 -1
906 2169 1
906 2183 -1
907 1509 1
907 1658 -1
907 1831 1
907 1943 -1
907 2578 -1
907 2585 1
908 1306 1
908 1902 1
908 2005 1
908 2153 1
909 1112 -1
909 1998 1
909 2646 1
910 1154 1
910 1201 1
910 1676 -1
910 2272 1
911 954 1
911 2139 -1
911 2169 1
911 2492 1
911 2520 -1
912 1021 1
912 1591 -1
912 1622 1
912 1741 -1
912 2657 1
913 1270 -1
913 1691 -1
913 2327 -1
914 1914 1
914 1954 -1
914 2297 -1
914 2704 1
915 1175 1
915 1251 1
915 2433 -1
916 1766 -1
916 1898 1
916 2431 -1
917 1101 -1
917 1332 1
917 1430 -1
917 1574 -1
918 947 1
918 1500 -1
918 1913 -1
918 2552 -1
918 2611 1
919 1431 1
919 1666 1
919 1753 1
919 2419 1
919 2524 1
920 1633 -1
920 1645 -1
920 2468 1
920 2663 -1
921 1044 1
921 1831 -1
921 1943 1
921 2027 -1
922 1064 1
922 1229 1
922 1608 1
922 2021 1
923 2149 1
923 2191 1
923 2406 -1
923 2527 1
923 2743 -1
924 956 1
924 1218 1
924 2126 1
924 2532 1
925 1108 -1
925 1647 1
925 1655 1
925 1806 1
925 2716 -1
926 1347 -1
926 1589 -1
926 2151 -1
926 2413 -1
927 1318 1
927 1524 -1
927 1821 -1
927 2275 -1
927 2293 1
928 1010 1
928 1246 1
928 1507 1
928 1787 -1
928 1792 -1
928 1892 1
929 966 -1
929 1560 1
929 2401 -1
930 1041 1
930 1194 1
930 1360 1
930 1398 -1
930 1494 -1
931 1024 -1
931 1470 1
931 2036 1
931 2276 1
931 2653 -1
932 1382 1
932 1718 1
932 1942 -1
932 2233 -1
932 2424 -1
933 1580 -1
933 1602 1
933 1762 -1
934 992 -1
934 1249 1
934 1456 -1
934 1991 -1
935 1210 1
935 2200 -1
935 2613 1
936 997 -1
936 1269 -1
936 1389 -1
936 1500 1
936 1768 1
937 1212 -1
937 1667 1
937 1703 -1
937 1750 1
937 2452 1
938 1187 1
938 1588 1
938 1783 1
938 1874 -1
938 2361 1
938 2363 -1
939 1222 1
939 2462 -1
939 2599 1
940 1088 1
940 1387 1
940 2201 1
940 2507 -1
940 2606 1
940 2649 1
941 1088 1
941 1210 1
941 1499 -1
941 2201 1
941 2231 1
941 2613 -1
942 1497 -1
942 1754 -1
942 1874 -1
942 1903 1
943 961 -1
943 2433 -1
944 1585 -1
944 2141 1
944 2550 1
944 2567 1
945 1654 1
945 2164 -1
946 962 1
946 1763 -1
946 2654 1
947 1181 -1
947 1824 1
947 2102 1
947 2671 1
948 1592 -1
949 1196 -1
949 1575 1
949 1726 1
949 2359 1
950 975 1
950 1591 -1
950 1818 1
950 2136 -1
951 1075 -1
951 1234 1
951 1250 1
951 1340 -1
951 2076 -1
951 2183 -1
952 1680 1
952 2420 -1
952 2621 -1
953 1183 -1
953 1242 1
953 2593 -1
954 1342 -1
954 1549 -1
954 2605 1
955 1057 1
955 1524 -1
955 2018 -1
955 2494 1
957 1386 1
957 2156 1
957 2269 -1
958 1068 -1
958 1393 1
958 2089 -1
958 2113 -1
959 1723 1
959 2025 -1
959 2596 1
959 2721 -1
960 1853 1
960 2003 -1
960 2728 -1
961 1526 1
961 2715 1
962 2445 -1
962 2551 1
962 2631 -1
963 980 -1
963 1193 -1
963 2274 1
963 2699 1
964 1469 -1
964 1786 -1
964 2336 1
965 1421 -1
965 2140 -1
965 2310 -1
965 2486 1
965 2708 1
966 1174 -1
966 1844 -1
966 2348 1
967 1058 1
967 1436 1
967 1508 -1
967 2565 -1
968 1124 -1
968 1763 -1
968 1927 1
968 2654 1
969 2125 -1
969 2144 -1
969 2186 -1
970 1072 -1
970 1463 -1
970 1620 1
971 1248 1
971 1405 1
971 1969 -1
971 2622 1
972 1012 -1
972 1532 1
973 1440 1
973 1550 -1
973 1698 1
973 1719 1
973 1877 -1
974 1467 1
974 1670 1
974 1721 1
974 2570 -1
975 1061 -1
975 1789 -1
976 1435 -1
976 1655 -1
976 1944 -1
976 2080 1
977 1039 -1
977 1752 1
977 2157 1
977 2724 1
978 1216 -1
978 2687 -1
979 1277 1
979 1801 -1
979 2158 1
979 2470 -1
980 1509 -1
980 1700 1
980 2585 -1
981 1583 -1
981 2033 -1
981 2291 1
981 2450 -1
982 2140 1
982 2310 1
983 1146 -1
983 1390 -1
983 1782 1
983 2154 -1
983 2445 -1
984 1323 1
984 1680 1
985 1438 1
985 1793 1
985 1802 -1
985 2387 -1
985 2638 1
986 1425 -1
986 1538 1
986 1618 1
986 1856 -1
986 1936 1
986 2170 1
987 1185 -1
987 1461 1
987 1601 1
987 2267 -1
987 2499 1
988 1091 1
988 1112 -1
988 1285 1
988 1569 1
988 1929 1
988 2646 -1
989 1145 1
989 1769 -1
990 1102 -1
990 1868 1
990 1904 1
990 2103 1
990 2121 -1
991 1715 -1
991 1831 -1
991 1836 -1
991 2027 -1
991 2050 -1
992 2109 -1
992 2303 -1
992 2414 -1
992 2547 1
992 2665 1
993 1187 -1
993 1601 1
993 2363 1
993 2499 1
993 2670 1
994 1380 1
994 1738 -1
994 1852 1
994 2429 -1
995 1967 1
995 1991 1
995 2196 -1
996 1007 -1
996 1322 -1
996 1697 1
996 2126 -1
996 2271 1
997 1865 1
997 1971 -1
998 1046 -1
998 1573 1
998 1663 -1
998 2396 -1
998 2448 1
999 1370 -1
1000 1494 -1
1000 1581 1
1000 1666 1
1000 2419 1
1001 1002 -1
1001 1745 -1
1001 1787 1
1001 1892 -1
1001 2117 -1
1002 2090 -1
1002 2131 1
1002 2421 1
1004 1047 1
1004 1313 -1
1004 1344 1
1004 1416 1
1005 1411 -1
1005 1489 1
1005 1636 -1
1005 1837 -1
1006 1200 1
1006 1404 1
1006 1407 1
1006 1492 1
1006 2075 1
1006 2461 -1
1007 1476 1
1007 2568 1
1007 2676 1
1008 1011 1
1008 1564 -1
1009 1372 1
1009 1632 -1
1009 2563 -1
1009 2655 1
1009 2666 1
1010 1215 -1
1010 2288 -1
1010 2729 -1
1011 2378 -1
1011 2393 -1
1011 2404 1
1012 2550 -1
1012 2556 -1
1012 2712 1
1013 1432 1
1013 2037 1
1013 2252 -1
1013 2378 1
1013 2681 1
1014 2132 1
1014 2290 -1
1014 2517 1
1015 1855 -1
1015 2742 -1
1016 1224 -1
1016 1448 -1
1016 1669 -1
1016 1899 -1
1017 1184 -1
1017 1289 -1
1017 1479 1
1017 2199 1
1017 2632 1
1018 1816 1
1018 2354 1
1018 2498 -1
1018 2699 -1
1019 1179 1
1019 1374 -1
1019 1399 -1
1019 2471 1
1020 1021 -1
1020 1342 1
1020 1818 -1
1020 2605 1
1021 1360 -1
1021 1937 1
1021 2743 1
1022 1161 1
1022 1464 1
1022 1693 1
1022 1895 -1
1022 2198 1
1023 1270 1
1023 1758 1
1023 2259 1
1023 2327 1
1024 1908 -1
1025 1377 -1
1025 1670 -1
1025 1981 -1
1025 2570 1
1025 2614 1
1026 1145 1
1026 1769 1
1026 2048 1
1026 2230 1
1026 2702 1
1027 1042 -1
1027 1767 1
1027 2732 -1
1028 2395 -1
1028 2656 -1
1028 2658 -1
1029 1098 1
1029 1149 -1
1029 1176 1
1029 1358 1
1029 2143 1
1029 2624 -1
1030 1261 1
1030 1543 -1
1030 2331 -1
1031 1697 -1
1031 1938 -1
1032 2094 -1
1032 2166 -1
1032 2318 -1
1032 2549 -1
1033 1436 1
1033 1508 -1
1033 2114 1
1033 2583 -1
1034 1490 -1
1034 1701 1
1034 2335 1
1035 1835 -1
1035 1996 -1
1035 2625 -1
1036 1430 1
1036 1912 -1
1036 2027 -1
1036 2050 -1
1036 2295 1
1037 1939 -1
1037 2057 -1
1037 2246 1
1038 1141 -1
1038 1470 1
1038 2103 -1
1038 2276 1
1038 2369 1
1039 1135 1
1039 1163 -1
1039 1888 -1
1039 1979 1
1039 2060 1
1040 1503 -1
1040 1898 -1
1040 2651 -1
1041 1342 -1
1041 1549 -1
1041 1879 1
1041 1901 -1
1042 1358 1
1042 2113 1
1042 2128 -1
1042 2143 1
1042 2633 1
1043 1250 -1
1043 1604 -1
1043 1713 1
1043 2076 1
1043 2146 -1
1044 1896 1
1044 2105 -1
1044 2656 1
1045 1111 1
1045 1192 1
1045 1485 1
1045 2051 1
1045 2062 -1
1045 2561 1
1046 1564 -1
1046 2299 1
1047 1218 1
1047 2308 -1
1048 1178 -1
1048 1180 1
1048 1878 1
1048 2038 1
1048 2604 1
1049 1085 -1
1049 2366 -1
1049 2477 1
1049 2691 1
1050 1612 -1
1050 1655 1
1050 2247 1
1051 1386 -1
1051 2152 1
1051 2653 -1
1052 1131 1
1052 1163 1
1052 1648 -1
1052 1923 1
1052 2302 1
1053 1421 -1
1053 1554 -1
1053 2589 1
1054 1348 1
1054 1854 -1
1054 1866 -1
1054 2590 1
1055 2504 -1
1055 2672 -1
1056 1627 1
1056 2119 -1
1056 2265 -1
1057 1671 -1
1057 1822 1
1057 1922 -1
1057 2684 -1
1058 1353 -1
1058 2052 1
1058 2709 -1
1058 2735 -1
1059 1073 1
1059 1197 -1
1059 1953 1
1059 2221 1
1059 2314 1
1059 2368 1
1060 1101 1
1060 1209 -1
1060 1332 -1
1060 2720 -1
1061 1135 -1
1061 1851 1
1061 2100 1
1062 1414 -1
1062 1972 1
1062 2377 1
1063 1180 -1
1063 1183 1
1063 1242 1
1063 1365 -1
1063 2115 -1
1063 2602 1
1064 1669 1
1064 2484 1
1064 2574 -1
1065 2000 1
1065 2002 -1
1065 2095 1
1066 1106 -1
1066 1446 1
1066 1935 -1
1066 2192 1
1067 1299 1
1067 1634 1
1067 2309 -1
1068 1354 1
1068 2346 -1
1069 1590 1
1069 1800 -1
1069 2097 -1
1069 2482 -1
1069 2587 -1
1069 2617 1
1070 1078 1
1070 2240 -1
1070 2384 -1
1071 1133 -1
1071 1943 1
1071 2229 -1
1071 2717 1
1072 1092 1
1072 1776 -1
1072 2067 -1
1072 2219 -1
1072 2481 -1
1073 1204 1
1073 1308 -1
1073 1857 1
1073 2731 -1
1074 1865 1
1074 1999 -1
1074 2159 1
1074 2402 1
1075 2025 1
1075 2500 -1
1075 2721 1
1076 2106 -1
1076 2235 1
1076 2282 -1
1077 1407 -1
1077 1600 -1
1077 1838 1
1077 2075 -1
1077 2559 -1
1078 1395 1
1078 1958 -1
1078 2634 -1
1079 2560 -1
1079 2704 1
1080 1169 -1
1080 2357 1
1081 1950 1
1081 2042 1
1081 2163 -1
1082 1549 1
1082 1820 -1
1083 1886 1
1083 2626 -1
1083 2628 -1
1083 2692 -1
1084 1474 -1
1084 1706 1
1084 2126 1
1084 2271 -1
1084 2532 1
1085 1928 1
1085 1986 -1
1085 2069 -1
1085 2145 1
1085 2629 -1
1086 1896 1
1086 2563 1
1086 2656 1
1086 2658 1
1087 1366 1
1087 1611 1
1087 2309 -1
1087 2380 1
1088 1356 -1
1088 1981 -1
1088 2020 1
1088 2570 -1
1089 1269 1
1089 1611 1
1089 1684 -1
1089 2672 -1
1089 2725 -1
1090 1857 -1
1090 2654 1
1090 2731 1
1091 1634 1
1091 2017 -1
1091 2711 -1
1092 2403 1
1092 2597 1
1093 2157 -1
1093 2521 1
1093 2724 -1
1093 2733 1
1094 1117 1
1094 1962 -1
1095 1713 -1
1095 2146 -1
1095 2169 -1
1095 2372 -1
1095 2492 1
1096 1553 1
1096 1952 -1
1096 2206 1
1097 1392 1
1097 1642 -1
1097 1746 -1
1097 1887 -1
1097 2537 -1
1098 1354 -1
1098 2212 -1
1098 2640 -1
1099 1580 -1
1099 1762 -1
1100 1133 -1
1100 1515 -1
1100 2066 -1
1100 2218 -1
1101 1625 1
1101 1746 1
1101 2261 -1
1101 2529 -1
1102 1242 -1
1102 1365 -1
1102 1786 1
1102 2336 -1
1103 1119 1
1103 1382 -1
1103 1616 -1
1103 2424 -1
1104 1844 1
1104 2094 1
1104 2099 -1
1104 2598 -1
1105 1440 1
1105 1719 1
1105 1811 -1
1106 1733 1
1106 1930 1
1106 2128 1
1106 2489 1
1107 2064 1
1107 2259 -1
1107 2327 -1
1107 2641 -1
1108 1590 1
1108 1966 1
1108 2587 1
1109 1771 -1
1109 2347 1
1109 2580 1
1109 2595 -1
1110 1198 -1
1110 1259 1
1111 1113 -1
1111 1267 1
1111 1636 1
1111 2641 -1
1112 1978 1
1112 2496 -1
1113 1630 -1
1113 2051 1
1113 2304 -1
1113 2335 -1
1114 1120 1
1114 1221 1
1114 2175 -1
1114 2228 1
1114 2244 -1
1115 1546 1
1115 2376 -1
1115 2526 -1
1115 2584 1
1116 2275 -1
1116 2604 -1
1117 1932 1
1117 2223 1
1117 2307 -1
1117 2446 1
1118 2017 1
1118 2232 -1
1118 2711 1
1119 1209 -1
1119 1460 -1
1120 1208 -1
1120 1682 -1
1121 1272 1
1121 1615 1
1121 1766 1
1121 2234 1
1121 2238 -1
1122 1146 1
1122 1736 1
1122 1782 1
1122 1930 1
1122 1941 -1
1123 1305 -1
1123 2625 1
1123 2651 1
1124 1156 1
1124 1606 -1
1124 2338 1
1125 1288 1
1125 2403 1
1125 2597 1
1125 2713 1
1126 1606 -1
1126 1660 1
1126 2047 -1
1126 2480 1
1127 1365 -1
1127 1815 -1
1127 2115 -1
1127 2514 1
1127 2623 1
1128 1284 1
1128 1581 -1
1128 2688 -1
1129 2193 1
1129 2519 -1
1129 2644 1
1130 2156 -1
1130 2400 -1
1131 1657 -1
1131 2028 1
1131 2355 1
1131 2528 1
1132 1615 -1
1132 1619 1
1133 1481 -1
1133 1649 -1
1133 1775 1
1133 2475 1
1134 1203 -1
1134 2477 1
1134 2691 1
1134 2734 -1
1135 1150 1
1135 1729 1
1135 2157 -1
1136 1884 -1
1136 2003 1
1136 2127 1
1136 2263 -1
1136 2493 1
1137 1289 -1
1137 1479 -1
1137 1529 -1
1137 1815 1
1137 1982 1
1137 2115 -1
1138 1677 -1
1138 1864 -1
1138 2122 1
1138 2655 -1
1138 2666 1
1139 1712 -1
1139 1890 1
1139 2246 1
1139 2412 -1
1140 1259 -1
1140 2193 -1
1140 2548 1
1141 1571 -1
1141 1710 -1
1141 2046 -1
1141 2253 -1
1141 2661 1
1142 1523 -1
1142 1563 1
1142 1906 1
1142 1973 -1
1143 1469 -1
1143 2328 1
1144 1295 1
1144 1496 -1
1144 1860 1
1144 2206 1
1145 1309 -1
1145 2470 1
1146 1459 -1
1146 1680 1
1147 1251 1
1147 1419 -1
1147 1887 1
1147 2433 -1
1148 1328 1
1148 1347 1
1148 1589 1
1148 1833 -1
1148 2029 1
1149 1728 1
1149 2457 1
1149 2682 1
1149 2732 -1
1150 1163 1
1150 1648 1
1150 2136 1
1151 1408 -1
1151 1873 1
1152 1558 1
1152 2165 -1
1152 2252 -1
1153 1370 -1
1153 2505 -1
1153 2680 -1
1154 1747 -1
1154 1884 -1
1154 2340 1
1154 2362 -1
1155 1749 -1
1155 1797 -1
1155 2520 1
1155 2733 -1
1156 1763 1
1156 1807 1
1157 1791 1
1157 1957 1
1157 2087 -1
1157 2163 1
1158 1645 1
1158 1931 -1
1158 2247 1
1158 2663 1
1159 2425 -1
1160 1499 -1
1160 1977 1
1160 2023 -1
1160 2231 1
1160 2427 -1
1161 1513 -1
1161 1630 -1
1161 1812 1
1161 2049 -1
1162 1348 -1
1162 1722 -1
1162 1751 -1
1162 1854 -1
1163 2028 -1
1163 2664 1
1164 1612 1
1164 1810 1
1164 1891 1
1164 2225 -1
1165 1237 1
1165 1505 1
1165 1856 1
1165 2210 -1
1166 1246 -1
1166 1507 1
1166 1778 1
1166 2503 1
1167 1353 -1
1167 1422 1
1167 1788 1
1167 2444 1
1167 2538 -1
1167 2709 1
1168 1458 1
1168 2090 1
1168 2512 -1
1169 1546 1
1169 1968 -1
1169 2376 -1
1170 2343 1
1170 2597 -1
1171 1194 -1
1171 1284 -1
1171 1398 -1
1171 1451 -1
1172 1212 1
1172 1285 1
1172 1569 -1
1172 2596 -1
1173 1891 1
1174 1375 -1
1174 2177 1
1174 2215 1
1174 2394 1
1175 1377 1
1175 1670 1
1176 1728 1
1176 2242 -1
1176 2640 -1
1177 1879 1
1177 1901 1
1177 2211 -1
1177 2646 1
1178 1290 -1
1178 1557 -1
1178 2235 -1
1179 1462 -1
1179 1752 -1
1179 1933 -1
1180 1976 -1
1180 2435 -1
1181 1500 1
1181 1537 -1
1181 1768 -1
1181 1808 -1
1182 1199 1
1182 2152 1
1182 2267 1
1182 2276 -1
1183 2260 1
1183 2501 -1
1183 2509 1
1184 1355 -1
1184 1850 1
1184 2736 -1
1185 1221 1
1185 1719 -1
1185 2469 1
1186 1429 -1
1186 1637 -1
1186 1747 -1
1186 2058 -1
1186 2180 1
1186 2184 1
1187 2285 -1
1187 2351 -1
1188 1329 1
1188 1646 1
1188 1959 1
1188 2469 1
1188 2508 -1
1189 1430 1
1189 2050 -1
1190 1661 -1
1190 1716 1
1190 2130 -1
1191 1319 -1
1191 1376 1
1191 1928 1
1191 1986 -1
1191 2422 -1
1192 1255 1
1192 2651 1
1193 1509 1
1193 1831 -1
1193 1836 1
1193 2687 -1
1194 1876 -1
1194 2045 1
1194 2662 -1
1195 1595 -1
1195 2491 1
1196 1487 1
1196 2104 -1
1196 2170 -1
1197 1439 -1
1197 1686 1
1197 1944 -1
1198 1849 1
1198 1974 -1
1199 1443 -1
1199 1652 -1
1199 1698 1
1199 2214 -1
1200 1847 -1
1200 2024 -1
1201 1375 1
1201 1565 1
1201 2215 -1
1201 2362 1
1202 1352 -1
1202 2005 -1
1202 2063 1
1202 2208 -1
1202 2642 1
1203 2381 1
1203 2599 -1
1204 1953 1
1204 2266 -1
1204 2700 1
1205 1228 -1
1205 1770 -1
1205 2218 -1
1205 2626 -1
1205 2692 -1
1206 1360 -1
1206 1494 1
1206 1772 -1
1206 2743 1
1207 1275 -1
1207 1784 1
1207 1791 1
1207 1950 -1
1207 2163 -1
1207 2317 -1
1208 1596 1
1208 1927 -1
1208 2228 1
1208 2458 1
1209 1392 -1
1209 1746 -1
1209 2382 -1
1209 2659 1
1210 1407 1
1210 1492 1
1210 2254 1
1211 1372 1
1211 1410 1
1211 1591 -1
1211 1622 -1
1211 1632 1
1212 1582 1
1212 2017 1
1212 2133 1
1213 1364 1
1213 1530 -1
1213 1711 1
1213 1756 -1
1213 1761 1
1214 1563 -1
1215 1787 1
1215 1801 -1
1215 2117 1
1215 2672 -1
1216 1810 1
1216 2073 1
1216 2150 -1
1216 2244 -1
1217 1610 1
1217 1737 1
1217 2473 1
1218 1724 -1
1219 2030 -1
1219 2365 1
1220 1723 -1
1220 2352 1
1220 2596 1
1220 2603 1
1221 1306 1
1221 1562 -1
1221 1682 -1
1222 1573 1
1222 2315 1
1222 2396 -1
1223 1749 1
1223 1772 -1
1223 2191 -1
1223 2419 -1
1223 2524 1
1224 1608 -1
1224 2167 -1
1224 2384 1
1225 1860 -1
1225 1952 1
1225 2154 1
1225 2161 -1
1226 1754 -1
1226 2280 -1
1226 2670 -1
1227 1374 -1
1227 2150 -1
1227 2225 1
1227 2471 -1
1228 1296 1
1228 2507 -1
1229 1584 -1
1229 1714 -1
1229 1773 1
1230 1370 -1
1230 1485 -1
1230 2051 -1
1230 2580 1
1231 1500 1
1231 1537 1
1231 2071 1
1231 2611 -1
1232 1438 -1
1232 2390 1
1232 2638 1
1233 1324 1
1233 1554 1
1233 2250 1
1233 2319 -1
1235 1640 1
1235 2257 1
1235 2439 -1
1236 1568 1
1236 1581 1
1236 1666 1
1236 1675 -1
1236 2688 -1
1237 1661 -1
1237 2001 -1
1238 1551 -1
1238 1994 1
1238 2047 -1
1238 2273 1
1238 2600 1
1239 1415 1
1239 2321 -1
1240 1608 -1
1240 2240 -1
1240 2296 1
1241 1392 1
1241 2207 1
1241 2418 -1
1241 2537 1
1242 2435 1
1242 2555 -1
1243 1521 -1
1243 1714 -1
1243 1785 1
1243 2269 -1
1244 1253 1
1244 1254 -1
1244 2240 -1
1244 2378 1
1244 2404 -1
1245 1563 -1
1245 1906 -1
1245 2235 1
1245 2237 1
1246 1920 -1
1246 2202 -1
1247 1264 1
1247 1358 1
1247 2624 1
1248 2122 1
1249 1300 -1
1249 1536 -1
1249 1593 -1
1249 2109 -1
1250 2500 -1
1251 1534 1
1251 1670 1
1252 1899 -1
1252 2337 -1
1252 2375 -1
1252 2574 -1
1253 1292 1
1253 1814 -1
1253 2558 -1
1253 2635 -1
1254 1584 -1
1254 2114 -1
1255 2051 -1
1255 2335 1
1256 1393 1
1256 1770 -1
1256 2432 -1
1256 2626 -1
1257 1287 1
1257 1498 -1
1257 1737 1
1257 2037 -1
1258 1946 1
1258 2183 1
1258 2601 -1
1259 1510 -1
1259 1849 -1
1259 1919 1
1259 2227 1
1260 1993 1
1260 2395 -1
1260 2544 1
1260 2705 1
1261 1614 1
1261 1984 1
1261 2375 1
1261 2526 -1
1262 1643 1
1262 2122 -1
1262 2483 1
1262 2666 1
1263 1612 -1
1263 1645 -1
1263 1891 1
1263 2247 -1
1264 1446 -1
1264 2245 -1
1264 2383 1
1265 1401 1
1265 1517 -1
1265 2511 -1
1266 1329 1
1266 2088 -1
1266 2277 -1
1267 1325 1
1267 2569 1
1268 1618 -1
1268 1936 -1
1268 1938 -1
1269 1433 1
1269 2532 -1
1270 1383 -1
1270 1584 -1
1271 1846 -1
1271 1884 -1
1271 2003 1
1271 2362 1
1272 1427 -1
1272 2194 -1
1272 2584 -1
1273 1455 1
1273 1681 -1
1273 1731 -1
1273 2125 -1
1274 1315 -1
1274 1653 -1
1274 1694 1
1274 1759 -1
1275 2497 1
1276 1990 1
1276 2026 -1
1276 2132 -1
1276 2430 -1
1276 2517 1
1277 1742 -1
1277 1791 1
1277 1957 1
1277 2019 1
1277 2421 1
1278 2191 1
1278 2524 -1
1278 2527 -1
1278 2664 1
1279 1951 1
1280 1937 1
1280 2367 -1
1280 2722 -1
1280 2726 1
1281 1822 -1
1281 2684 1
1282 1690 1
1282 1844 1
1282 2099 -1
1282 2239 1
1282 2576 -1
1283 1307 -1
1283 1327 -1
1283 1802 -1
1283 2387 -1
1284 2287 1
1284 2662 -1
1285 1507 -1
1285 1778 -1
1285 1978 1
1286 1676 -1
1286 1844 1
1286 2239 1
1286 2272 -1
1286 2598 -1
1287 1452 1
1287 2281 1
1287 2350 1
1288 1452 -1
1288 2417 1
1289 1355 -1
1289 2282 -1
1290 2593 1
1290 2604 -1
1291 1303 -1
1291 1952 1
1291 2186 1
1292 1774 1
1292 2404 1
1293 1352 1
1293 1366 -1
1293 2057 1
1293 2398 -1
1293 2642 1
1294 1407 -1
1294 1548 -1
1294 2461 1
1294 2559 -1
1295 1743 1
1295 1820 -1
1295 2193 -1
1296 1356 1
1296 1838 -1
1296 2218 1
1296 2701 1
1297 1336 1
1297 1763 1
1297 2545 -1
1298 1439 1
1298 2357 1
1298 2383 -1
1299 1477 -1
1299 1707 -1
1299 2315 1
1299 2396 1
1299 2448 1
1300 1359 1
1300 1796 -1
1300 1967 1
1301 1361 -1
1301 1872 1
1301 2088 -1
1301 2316 1
1302 1511 1
1302 2542 1
1303 2420 1
1303 2525 1
1303 2644 1
1304 1467 1
1304 1651 1
1304 1902 -1
1305 1839 1
1305 2138 1
1305 2580 1
1306 1877 1
1306 2175 -1
1306 2508 -1
1307 1434 1
1307 1941 1
1308 2053 1
1308 2108 -1
1308 2314 1
1308 2521 1
1309 2418 -1
1309 2594 -1
1310 1421 -1
1310 2310 -1
1310 2346 1
1310 2640 1
1311 1705 -1
1311 1741 1
1311 2086 1
1311 2657 -1
1312 1535 1
1312 1895 -1
1312 2441 -1
1313 1985 -1
1313 2151 1
1314 1644 1
1314 2289 1
1315 2451 1
1316 1704 -1
1316 2690 1
1317 1650 1
1317 1691 1
1318 2007 1
1318 2217 -1
1319 1758 -1
1319 1799 1
1319 1942 -1
1319 2064 -1
1319 2327 1
1320 1353 1
1320 1788 -1
1321 1366 1
1321 1555 -1
1321 1611 -1
1321 2398 -1
1322 1579 1
1322 2425 1
1323 1613 -1
1323 1823 -1
1323 2186 -1
1324 1688 1
1325 1962 1
1325 2390 -1
1326 1615 1
1326 1766 1
1326 2541 -1
1327 1546 -1
1327 1832 1
1328 1512 1
1328 1640 -1
1328 2145 1
1329 1651 -1
1329 1902 -1
1329 2036 -1
1329 2153 1
1330 1379 1
1330 1541 -1
1331 1428 -1
1331 1613 1
1331 2095 -1
1332 1795 -1
1332 2196 -1
1332 2483 1
1332 2610 -1
1333 1726 1
1333 2223 1
1333 2329 1
1333 2565 -1
1333 2710 -1
1334 2330 1
1335 2070 -1
1335 2731 -1
1336 1600 -1
1336 1886 1
1336 2075 -1
1336 2692 -1
1337 1618 1
1337 1856 -1
1337 1996 1
1337 2210 1
1338 1644 -1
1338 1753 1
1338 2324 -1
1338 2524 -1
1339 1644 1
1339 1749 -1
1339 2524 -1
1340 1740 1
1340 2265 -1
1341 1558 -1
1341 2119 -1
1341 2165 -1
1342 1360 1
1342 1772 1
1343 1997 1
1343 2349 -1
1344 1566 -1
1344 2166 -1
1344 2339 -1
1344 2549 -1
1345 1386 1
1345 1794 -1
1345 1853 -1
1345 2156 1
1346 2079 1
1346 2239 1
1347 2189 -1
1348 1528 1
1348 2648 -1
1349 2325 1
1349 2484 1
1350 2073 1
1350 2228 -1
1350 2244 -1
1350 2475 -1
1351 1383 1
1351 1785 -1
1351 2118 1
1352 1924 -1
1352 2452 -1
1352 2603 1
1353 2412 1
1354 1424 1
1354 2301 -1
1354 2432 1
1355 1815 -1
1355 2174 -1
1355 2409 1
1355 2514 -1
1356 1499 1
1356 2507 1
1357 2123 1
1357 2296 1
1358 2732 1
1359 1363 -1
1359 1480 1
1359 2720 1
1360 1876 -1
1361 1470 1
1361 1651 -1
1361 2036 -1
1361 2369 1
1361 2579 -1
1362 1454 1
1362 1726 1
1362 1932 -1
1362 2223 1
1362 2359 -1
1362 2397 1
1363 1967 1
1363 2196 1
1363 2483 1
1364 1715 -1
1364 1912 1
1364 2050 -1
1364 2312 -1
1365 1976 1
1365 2121 -1
1365 2300 1
1366 1750 1
1366 2009 -1
1366 2452 -1
1367 1853 -1
1367 2449 -1
1368 2243 -1
1368 2517 1
1368 2564 -1
1369 1476 -1
1369 1560 -1
1369 1656 -1
1370 1516 -1
1370 1561 1
1371 2333 -1
1371 2357 -1
1371 2682 -1
1371 2738 1
1373 1493 -1
1373 1737 1
1374 1562 1
1374 1682 1
1375 1844 -1
1375 2094 1
1375 2185 1
1375 2272 -1
1376 1463 -1
1376 1620 -1
1376 2064 -1
1376 2236 1
1376 2703 1
1377 1921 1
1377 2231 1
1377 2613 1
1378 1460 1
1378 1568 1
1378 2321 1
1378 2688 -1
1379 1578 1
1379 1745 -1
1379 1892 1
1379 2031 -1
1380 1424 1
1380 2055 -1
1380 2124 1
1380 2432 -1
1381 1548 -1
1381 2058 -1
1381 2184 -1
1381 2436 1
1381 2461 -1
1381 2592 -1
1382 1717 -1
1382 1986 -1
1382 2629 1
1383 1650 1
1383 1691 1
1384 2308 1
1385 1519 -1
1385 1725 1
1385 2093 -1
1386 1817 1
1386 2476 -1
1386 2516 -1
1387 1906 1
1387 2020 -1
1387 2237 1
1388 1617 1
1388 1678 -1
1388 2326 1
1388 2639 -1
1389 1433 -1
1389 2674 -1
1390 1391 -1
1390 1420 1
1390 1857 -1
1390 2164 -1
1391 2147 1
1393 2593 1
1394 1448 -1
1394 1604 1
1394 1713 -1
1394 1899 1
1394 1916 -1
1395 1635 1
1396 1626 1
1396 2200 1
1396 2500 -1
1396 2518 1
1397 1738 1
1397 2310 -1
1397 2640 -1
1398 1901 1
1398 1998 -1
1398 2374 1
1399 1462 1
1399 1911 -1
1400 1620 1
1400 1835 1
1400 2236 -1
1400 2474 1
1401 1425 1
1401 1618 -1
1402 1876 -1
1402 1965 -1
1402 1967 1
1402 2077 1
1403 1900 1
1403 2254 1
1404 1499 1
1404 2201 1
1404 2507 1
1405 1592 1
1405 1756 1
1405 1864 1
1406 1498 -1
1407 1499 -1
1407 1977 1
1408 1735 -1
1408 2222 -1
1409 1440 -1
1409 1572 -1
1409 1698 -1
1409 1811 1
1409 2408 -1
1410 1937 1
1410 2149 1
1410 2743 -1
1411 1790 -1
1411 2004 -1
1411 2330 -1
1412 2256 -1
1412 2399 -1
1412 2681 1
1413 1553 1
1413 1960 -1
1414 1415 -1
1414 2258 -1
1415 1861 1
1415 1972 -1
1415 2287 1
1416 2096 1
1416 2137 1
1416 2151 -1
1416 2339 1
1417 1847 -1
1417 2201 -1
1417 2649 -1
1418 1455 -1
1418 1681 1
1418 1995 -1
1418 2539 -1
1419 1863 -1
1419 2443 -1
1419 2618 -1
1419 2715 -1
1420 1782 1
1420 2010 -1
1420 2368 -1
1420 2487 -1
1421 2007 1
1422 1828 1
1422 2022 -1
1422 2412 -1
1423 1797 -1
1423 1800 -1
1423 2587 1
1423 2700 -1
1424 1738 1
1424 2346 1
1424 2640 1
1425 1517 -1
1426 1821 -1
1426 1840 1
1426 2038 -1
1426 2137 -1
1426 2339 -1
1427 1766 -1
1427 1898 1
1427 2457 -1
1428 1990 1
1428 2132 -1
1428 2198 -1
1429 1532 -1
1429 2627 1
1429 2721 1
1430 1435 -1
1430 2610 1
1431 1603 -1
1431 2211 -1
1432 1624 1
1432 2506 -1
1433 1801 1
1433 2485 -1
1433 2672 -1
1434 1438 -1
1434 1450 1
1434 1802 1
1434 2305 -1
1434 2390 -1
1437 1845 -1
1437 2091 -1
1437 2134 1
1438 2074 -1
1438 2540 -1
1439 1987 1
1439 2295 -1
1440 2208 1
1440 2398 1
1440 2642 -1
1441 1728 1
1441 1766 1
1441 2431 1
1442 2073 1
1442 2150 -1
1442 2654 1
1442 2731 -1
1443 1875 -1
1444 1786 1
1444 2319 -1
1445 1845 -1
1445 1881 -1
1445 2054 -1
1445 2134 -1
1446 2010 -1
1446 2487 -1
1446 2553 -1
1447 1777 -1
1447 1997 -1
1447 2110 1
1447 2349 -1
1448 1635 1
1449 1587 1
1449 1661 -1
1449 1666 -1
1449 1753 -1
1450 1552 -1
1450 1736 -1
1450 1941 1
1450 2074 -1
1451 1664 1
1451 1796 -1
1451 1972 1
1451 2287 1
1452 1468 1
1452 1737 -1
1452 1780 1
1453 1613 1
1453 1736 1
1453 1930 1
1453 2002 1
1453 2489 -1
1454 1487 1
1454 2283 -1
1455 1487 1
1455 1925 -1
1455 2430 -1
1456 1593 -1
1456 2526 1
1456 2584 -1
1456 2665 1
1457 1580 1
1457 1602 1
1457 1665 -1
1457 2656 1
1458 2294 -1
1458 2717 -1
1459 1552 1
1459 1613 -1
1459 1736 1
1460 2203 1
1460 2204 1
1460 2659 -1
1461 1646 -1
1461 2459 -1
1461 2469 1
1461 2534 -1
1462 1918 1
1462 1948 1
1462 2298 -1
1463 1859 -1
1463 2607 -1
1464 1630 -1
1464 1688 -1
1464 1701 -1
1464 2335 -1
1465 2655 1
1465 2658 -1
1466 1587 1
1466 2043 1
1466 2381 -1
1467 1983 -1
1467 2230 1
1467 2427 -1
1468 2141 1
1468 2281 -1
1468 2567 -1
1468 2727 -1
1469 2728 1
1470 1710 -1
1471 1992 1
1471 2340 1
1471 2550 1
1472 1851 -1
1472 2100 1
1472 2502 1
1473 1560 1
1473 2177 -1
1474 1684 -1
1474 2676 1
1474 2725 -1
1475 1579 1
1475 2425 -1
1475 2505 -1
1475 2680 -1
1476 1697 -1
1476 1842 1
1477 1869 -1
1477 1939 -1
1477 2309 -1
1477 2323 -1
1477 2380 1
1478 1502 1
1478 1886 -1
1479 2311 -1
1480 2287 1
1480 2662 -1
1481 1509 1
1481 1692 1
1481 1943 -1
1482 2084 1
1482 2479 1
1482 2680 1
1483 1754 -1
1483 1827 1
1483 2280 -1
1483 2389 1
1483 2620 -1
1484 1567 1
1484 1739 -1
1484 1881 1
1484 1994 1
1484 2273 1
1485 2236 1
1485 2651 1
1485 2667 1
1486 1953 -1
1486 2368 1
1487 1731 1
1487 2359 1
1488 1516 -1
1488 1760 -1
1488 1816 1
1489 2176 1
1489 2330 -1
1490 1693 -1
1490 2305 1
1490 2390 1
1491 1521 1
1491 2156 1
1491 2400 1
1491 2558 1
1492 1626 -1
1492 1847 -1
1492 2201 1
1493 1854 -1
1493 2417 1
1493 2590 1
1494 1879 1
1494 2662 1
1495 1849 -1
1495 2227 1
1496 2190 1
1496 2224 -1
1496 2605 -1
1497 1915 -1
1497 1925 1
1497 2345 1
1497 2577 -1
1498 2001 1
1499 1838 -1
1500 1971 -1
1501 1591 1
1501 1648 1
1501 1741 1
1502 2326 1
1502 2328 1
1502 2466 -1
1502 2639 -1
1503 1744 -1
1503 2194 -1
1503 2607 -1
1504 1820 -1
1504 2165 1
1505 1748 -1
1505 2014 1
1505 2324 1
1506 2140 -1
1506 2255 1
1506 2431 -1
1507 2019 -1
1507 2288 -1
1508 2393 1
1508 2404 -1
1509 1514 1
1509 1687 -1
1510 1615 -1
1510 2490 1
1511 1522 1
1511 1790 1
1512 1589 1
1512 2413 -1
1513 1895 1
1513 2354 -1
1513 2498 1
1514 1658 1
1514 1692 -1
1515 2006 1
1515 2475 1
1515 2545 1
1516 2347 1
1516 2371 1
1517 1923 1
1517 2302 -1
1517 2719 -1
1518 1900 -1
1518 2005 1
1519 1865 -1
1519 2197 1
1519 2734 -1
1520 1565 -1
1520 1794 -1
1520 1853 1
1520 2573 1
1521 1594 -1
1521 2072 -1
1522 2332 1
1522 2468 1
1523 2087 -1
1523 2163 -1
1524 1822 -1
1525 1906 1
1525 2344 1
1525 2547 -1
1526 1788 1
1527 1659 -1
1527 1821 1
1527 2096 -1
1527 2166 -1
1527 2293 -1
1527 2339 -1
1528 2209 1
1529 2040 1
1529 2282 1
1529 2325 1
1529 2509 1
1530 2008 -1
1530 2371 -1
1530 2595 1
1531 1617 1
1531 2513 -1
1532 1747 1
1532 1992 1
1533 1672 1
1533 1891 -1
1533 2225 1
1533 2351 1
1534 1980 1
1534 2207 1
1534 2537 -1
1535 2685 1
1536 1965 -1
1536 1967 1
1536 1991 -1
1536 2238 -1
1537 1706 -1
1537 2102 1
1537 2544 1
1538 1694 1
1538 1829 -1
1538 2539 1
1539 1960 1
1539 2161 -1
1540 2036 -1
1540 2153 -1
1540 2267 -1
1540 2364 1
1541 1657 -1
1541 1745 1
1541 2117 1
1542 1794 1
1542 1893 1
1542 2156 1
1542 2557 -1
1542 2558 -1
1543 2303 -1
1543 2526 1
1543 2665 -1
1544 1804 1
1544 2009 -1
1544 2079 -1
1544 2239 1
1544 2576 -1
1545 1654 1
1546 2457 1
1546 2732 1
1547 1603 1
1547 1885 -1
1547 2306 1
1547 2444 1
1548 1723 1
1548 2278 1
1549 2169 1
1549 2472 -1
1550 2005 -1
1550 2153 -1
1550 2642 -1
1551 1920 -1
1551 2129 1
1552 2167 -1
1552 2420 -1
1554 2113 -1
1554 2633 -1
1555 1924 1
1555 2428 1
1555 2452 -1
1555 2729 -1
1556 2089 1
1556 2416 -1
1556 2626 1
1557 2042 1
1557 2392 1
1558 2353 1
1558 2550 1
1558 2712 1
1559 1864 -1
1559 2483 -1
1559 2563 1
1559 2610 -1
1559 2666 1
1560 1842 -1
1560 2465 -1
1561 2347 1
1561 2505 -1
1561 2580 1
1561 2678 -1
1562 1687 -1
1562 2244 1
1563 2392 1
1564 2306 -1
1565 1676 1
1565 1690 1
1565 1844 1
1565 2348 1
1567 1678 1
1567 2249 1
1568 2122 -1
1568 2203 -1
1569 2017 -1
1569 2160 -1
1570 1963 -1
1570 2063 1
1570 2208 -1
1571 1834 -1
1571 2205 -1
1571 2479 -1
1572 2280 -1
1572 2389 1
1572 2398 1
1573 2001 -1
1573 2381 1
1573 2599 -1
1574 2196 -1
1574 2529 1
1575 1910 1
1575 2104 -1
1575 2423 -1
1576 1756 1
1576 1761 -1
1576 2395 1
1576 2658 1
1576 2705 1
1577 1657 1
1577 1684 -1
1577 2355 -1
1577 2453 1
1577 2455 -1
1577 2676 1
1578 2129 -1
1578 2502 -1
1579 2440 1
1579 2544 -1
1581 1643 1
1581 2662 -1
1582 2288 -1
1582 2452 -1
1582 2603 1
1583 1681 -1
1583 1694 1
1583 2539 1
1583 2630 1
1584 1650 1
1584 2148 -1
1585 2119 1
1586 1716 -1
1586 1717 1
1586 1969 1
1586 2069 1
1586 2622 -1
1586 2629 -1
1587 1603 1
1587 1798 -1
1587 2695 -1
1588 1990 1
1588 2243 1
1588 2517 1
1589 2744 1
1590 1647 -1
1590 1777 1
1591 2406 1
1591 2743 -1
1592 1969 1
1592 2008 -1
1592 2595 -1
1593 2234 1
1593 2238 -1
1593 2279 -1
1593 2391 1
1594 1714 1
1594 2635 -1
1594 2689 1
1595 2032 -1
1595 2379 1
1596 2559 -1
1597 1712 1
1597 1890 1
1597 2370 1
1597 2400 1
1598 2030 -1
1598 2365 -1
1598 2512 -1
1599 2022 1
1599 2412 1
1600 1927 1
1600 2006 1
1600 2228 1
1601 2459 -1
1601 2495 1
1602 2168 1
1602 2528 -1
1603 1753 -1
1603 2041 1
1604 1848 -1
1605 1689 1
1605 1700 -1
1605 2205 -1
1605 2479 1
1605 2585 1
1605 2669 -1
1606 1948 1
1606 2502 1
1607 1867 1
1607 1904 1
1607 2084 -1
1607 2103 -1
1608 1669 1
1608 2689 -1
1609 1978 -1
1609 2158 -1
1609 2504 -1
1610 1776 1
1610 2067 -1
1610 2417 -1
1610 2447 -1
1611 2013 1
1611 2571 1
1611 2729 1
1612 2108 -1
1612 2314 -1
1613 2533 1
1614 1873 -1
1614 2491 -1
1616 1725 1
1616 2443 -1
1617 1819 -1
1617 1823 1
1617 1988 1
1618 1771 1
1618 1829 1
1619 2067 -1
1619 2590 -1
1620 1928 1
1620 2069 -1
1620 2219 1
1621 1705 1
1621 2086 -1
1621 2129 -1
1622 1937 -1
1622 2085 1
1622 2722 -1
1623 1694 1
1623 1759 -1
1623 1829 1
1623 1839 -1
1623 2630 1
1624 2393 1
1625 2572 -1
1626 2436 -1
1626 2437 1
1626 2461 -1
1627 1722 -1
1627 1949 -1
1627 2111 1
1628 2167 -1
1628 2420 -1
1629 1644 -1
1629 2014 1
1629 2324 1
1630 1816 -1
1630 2354 -1
1631 1946 1
1631 2169 1
1631 2372 1
1631 2472 1
1631 2520 1
1632 2149 -1
1632 2168 1
1632 2406 1
1633 2361 -1
1633 2710 -1
1633 2714 1
1634 1667 1
1634 1703 -1
1634 2460 1
1635 1916 1
1635 2035 1
1636 2062 -1
1636 2304 1
1637 2249 1
1638 2030 -1
1638 2087 1
1639 1922 1
1639 2554 -1
1639 2643 1
1639 2684 -1
1640 2181 -1
1640 2464 1
1641 2142 1
1641 2159 1
1641 2171 -1
1641 2197 1
1641 2460 -1
1642 2478 -1
1642 2522 1
1642 2614 1
1643 1675 1
1643 2149 -1
1644 2426 -1
1645 1830 1
1645 1961 -1
1646 2036 -1
1646 2267 1
1646 2276 -1
1646 2369 1
1647 2342 1
1647 2356 1
1647 2572 1
1648 2168 -1
1648 2406 1
1649 1987 1
1649 2066 -1
1650 1714 1
1651 1959 -1
1651 2088 -1
1651 2188 -1
1652 1827 -1
1652 2363 1
1652 2449 1
1652 2499 -1
1653 1720 -1
1653 2283 1
1654 2161 -1
1656 1697 -1
1656 2360 -1
1656 2696 -1
1657 1880 -1
1658 1824 1
1658 2671 -1
1659 2011 1
1660 1723 -1
1660 2202 1
1660 2278 -1
1660 2352 -1
1661 1798 -1
1661 2677 1
1662 1747 1
1662 1846 -1
1662 1884 -1
1662 2127 1
1662 2184 -1
1663 2350 -1
1664 2109 1
1664 2209 -1
1665 2294 -1
1666 2415 -1
1667 2309 -1
1667 2504 1
1668 1730 -1
1668 1797 -1
1668 2266 -1
1668 2521 -1
1668 2733 1
1669 1848 -1
1669 2123 -1
1670 1887 -1
1670 2537 -1
1671 1821 -1
1671 2038 1
1671 2604 -1
1672 2334 1
1673 1982 -1
1673 2115 -1
1673 2467 1
1673 2602 -1
1674 1799 -1
1674 2056 -1
1674 2174 -1
1674 2464 -1
1674 2609 -1
1675 1677 -1
1675 2122 -1
1675 2415 -1
1676 1794 1
1676 2557 1
1677 2149 -1
1677 2527 1
1678 1819 1
1678 1881 -1
1678 2054 1
1679 2127 1
1679 2263 1
1679 2437 1
1680 1952 1
1680 2154 -1
1681 2465 -1
1682 1719 1
1682 1877 -1
1683 1764 -1
1683 2178 -1
1684 1880 1
1684 2013 -1
1685 1786 1
1685 2319 -1
1685 2441 -1
1686 1987 1
1686 2221 1
1686 2553 1
1687 2687 -1
1688 1895 -1
1688 2354 -1
1688 2441 1
1689 1760 1
1689 2274 -1
1689 2699 1
1690 2389 1
1690 2573 -1
1691 2118 -1
1692 1775 1
1692 1983 -1
1693 1701 -1
1693 2000 1
1693 2489 -1
1694 2033 -1
1695 1869 1
1695 2380 1
1695 2706 -1
1695 2725 1
1696 1733 -1
1696 2000 1
1696 2002 -1
1696 2489 -1
1696 2581 1
1697 2425 -1
1698 2267 -1
1698 2499 1
1700 2459 1
1700 2534 -1
1700 2699 -1
1701 2250 1
1702 1705 -1
1702 1741 1
1702 1851 1
1703 2017 1
1703 2232 1
1704 1858 -1
1704 1954 1
1704 2591 -1
1705 1960 1
1706 1768 -1
1707 1939 1
1707 2299 1
1708 2147 -1
1708 2266 -1
1708 2492 -1
1708 2647 1
1709 1865 1
1709 2159 1
1709 2197 1
1709 2594 -1
1710 2358 1
1710 2554 1
1710 2579 1
1710 2643 -1
1711 2050 1
1711 2176 1
1712 1774 1
1712 1975 -1
1713 2454 -1
1715 1761 1
1715 1896 1
1715 2658 1
1716 2366 -1
1716 2477 -1
1717 1862 -1
1717 2703 -1
1718 1863 -1
1718 1883 -1
1718 2004 -1
1718 2173 -1
1718 2618 1
1719 2499 1
1720 1934 1
1720 2241 1
1721 2230 1
1721 2537 -1
1722 2119 1
1723 2058 1
1724 2099 -1
1724 2308 1
1725 2204 1
1725 2734 1
1727 1793 -1
1727 2199 -1
1727 2637 1
1728 2373 -1
1729 1918 1
1729 1979 -1
1729 2100 1
1730 1951 1
1730 1956 1
1731 2510 1
1732 1833 1
1732 2029 1
1732 2403 1
1733 1894 -1
1733 2192 1
1733 2410 1
1734 2083 -1
1734 2291 1
1735 1826 1
1735 2331 1
1735 2606 1
1736 2305 1
1737 2061 -1
1737 2417 -1
1738 2388 -1
1739 1871 -1
1739 2129 1
1739 2739 -1
1740 2160 -1
1740 2183 -1
1740 2686 -1
1741 2085 1
1741 2673 1
1742 1978 -1
1742 2098 1
1742 2158 1
1742 2258 1
1743 1860 1
1743 1916 1
1743 2035 1
1743 2139 1
1744 1793 1
1744 2638 1
1746 2182 -1
1746 2478 1
1747 2523 -1
1748 2283 1
1750 1939 1
1750 2057 -1
1750 2309 -1
1751 2016 -1
1751 2297 1
1751 2648 1
1752 1918 -1
1752 1945 -1
1752 1979 -1
1752 2471 -1
1753 2677 -1
1754 1915 1
1754 2564 -1
1755 2220 -1
1755 2601 1
1755 2740 -1
1756 2312 -1
1756 2511 -1
1756 2595 -1
1757 2500 -1
1757 2518 1
1757 2627 1
1758 1850 1
1758 1859 1
1759 1996 -1
1759 2216 -1
1759 2451 1
1759 2625 1
1760 2371 -1
1760 2730 -1
1761 2371 1
1761 2683 -1
1762 2085 1
1762 2673 1
1762 2675 1
1764 2042 -1
1764 2297 -1
1764 2392 1
1764 2648 1
1765 1870 1
1765 1872 1
1765 2464 -1
1765 2609 -1
1766 2373 -1
1767 2633 -1
1767 2741 -1
1768 2262 -1
1768 2674 -1
1769 1913 1
1769 2616 1
1770 2078 -1
1770 2365 1
1772 1818 -1
1772 1879 -1
1773 2148 -1
1773 2384 1
1774 2400 -1
1774 2558 -1
1775 2218 -1
1775 2229 -1
1775 2701 -1
1776 2451 -1
1777 1800 -1
1777 2039 1
1777 2356 -1
1778 1929 1
1778 2112 1
1779 1781 -1
1779 2482 -1
1780 2061 -1
1780 2350 -1
1780 2353 -1
1780 2567 -1
1781 2052 -1
1781 2426 1
1781 2444 -1
1781 2709 -1
1782 1917 -1
1782 1935 -1
1783 2495 1
1783 2498 -1
1784 1955 1
1784 2098 1
1784 2531 -1
1785 1815 1
1785 1982 -1
1786 1904 -1
1787 2019 1
1787 2421 1
1788 2097 -1
1788 2617 -1
1789 1851 1
1789 2224 -1
1789 2386 1
1789 2605 -1
1790 1806 1
1790 2332 1
1790 2542 -1
1791 2098 1
1792 2202 -1
1792 2352 -1
1792 2693 1
1793 2194 1
1793 2741 1
1796 2109 -1
1796 2286 1
1796 2414 -1
1797 1989 -1
1798 2001 1
1798 2041 1
1798 2381 -1
1799 2284 1
1799 2422 1
1800 1989 1
1800 2110 -1
1801 2131 -1
1801 2421 1
1802 2741 -1
1803 2028 1
1803 2355 1
1803 2407 1
1803 2453 -1
1803 2742 1
1804 1875 1
1804 2389 1
1805 1889 -1
1805 2222 -1
1805 2484 -1
1805 2574 1
1806 1966 1
1806 2330 -1
1807 2592 1
1808 2671 1
1808 2674 -1
1809 2529 1
1809 2650 -1
1810 2053 -1
1810 2221 1
1810 2314 -1
1811 1827 -1
1811 2280 -1
1811 2499 1
1811 2670 -1
1812 1990 -1
1812 2198 1
1813 2099 1
1813 2239 1
1813 2308 1
1813 2598 -1
1814 2378 1
1814 2681 1
1816 2049 -1
1816 2304 -1
1816 2730 1
1817 1868 1
1817 2121 1
1817 2300 1
1817 2653 1
1818 2191 -1
1818 2743 -1
1819 2341 -1
1819 2694 1
1820 1916 1
1821 1822 -1
1821 2011 -1
1822 2096 -1
1822 2137 1
1823 2533 -1
1824 2205 -1
1824 2552 -1
1824 2585 1
1825 2486 1
1826 1981 -1
1826 2522 1
1826 2614 1
1828 1843 1
1828 2535 -1
1828 2538 -1
1829 1938 -1
1829 1996 -1
1830 2332 -1
1830 2468 1
1831 2274 -1
1832 2732 -1
1833 1928 1
1833 2145 1
1833 2189 -1
1833 2422 1
1834 2018 -1
1834 2102 -1
1834 2253 1
1834 2440 -1
1835 1947 1
1835 2219 -1
1835 2481 -1
1837 2008 1
1837 2062 1
1838 2006 1
1838 2023 -1
1839 2255 1
1839 2625 1
1840 2178 -1
1840 2744 -1
1841 1993 -1
1841 2262 -1
1841 2270 1
1841 2395 1
1842 1995 1
1842 2568 1
1843 2022 -1
1843 2232 -1
1845 2083 -1
1845 2739 -1
1846 2326 1
1846 2466 -1
1847 2437 -1
1848 1889 -1
1848 1899 -1
1848 2574 1
1850 2199 -1
1852 2055 -1
1852 2690 -1
1853 2214 1
1853 2476 1
1854 2636 1
1855 1888 -1
1855 2104 -1
1855 2577 1
1857 2368 1
1857 2647 1
1859 2064 -1
1859 2259 -1
1860 2190 1
1860 2621 -1
1861 2286 -1
1862 1969 -1
1862 2008 -1
1862 2434 1
1863 2424 -1
1864 2312 1
1865 1926 -1
1865 2093 -1
1866 2234 -1
1866 2343 -1
1866 2391 -1
1866 2463 1
1867 2172 -1
1868 2336 1
1868 2476 1
1869 1999 -1
1869 2315 1
1869 2402 -1
1870 2173 1
1870 2284 1
1870 2618 1
1871 2388 -1
1872 2257 -1
1872 2618 -1
1873 2032 -1
1873 2375 1
1874 2026 1
1874 2285 -1
1874 2517 -1
1875 1975 1
1875 2408 1
1876 1937 -1
1876 2726 -1
1877 2005 -1
1877 2208 1
1878 2178 1
1878 2235 -1
1879 2419 1
1879 2472 1
1880 2117 1
1880 2442 1
1880 2485 -1
1880 2672 1
1881 1940 1
1881 2341 -1
1881 2739 -1
1882 2090 1
1883 2530 1
1883 2542 -1
1884 2588 -1
1885 2022 -1
1885 2232 -1
1886 2328 1
1887 2182 1
1887 2614 1
1888 2407 -1
1889 2123 1
1889 2518 -1
1890 2012 1
1890 2582 -1
1891 1961 1
1892 2693 -1
1893 2072 1
1893 2588 1
1894 2089 1
1894 2405 -1
1894 2581 1
1895 2000 -1
1896 1912 1
1896 2027 1
1897 2071 -1
1897 2439 1
1897 2579 -1
1897 2611 1
1897 2643 1
1898 2194 -1
1898 2741 1
1899 2454 1
1900 1907 1
1900 2155 -1
1901 2686 1
1902 2427 -1
1902 2508 1
1903 1925 1
1903 2290 1
1903 2430 -1
1903 2517 -1
1903 2564 1
1904 2441 1
1905 2399 1
1905 2598 -1
1907 2063 1
1907 2133 -1
1907 2195 -1
1908 2065 -1
1908 2118 -1
1908 2653 1
1909 2450 1
1909 2486 -1
1909 2708 -1
1910 2289 1
1910 2724 -1
1911 1918 -1
1911 2070 -1
1911 2150 1
1911 2471 -1
1912 2333 -1
1912 2563 -1
1912 2610 -1
1913 2048 -1
1913 2671 1
1914 2141 -1
1914 2727 1
1915 2568 -1
1915 2620 -1
1917 1941 -1
1917 2337 1
1918 2157 -1
1918 2645 -1
1919 2015 1
1919 2548 1
1920 2503 1
1920 2600 1
1921 2220 -1
1921 2614 -1
1922 2038 1
1922 2137 1
1922 2612 -1
1923 2406 1
1923 2527 1
1923 2664 1
1924 1963 -1
1924 2208 1
1924 2398 -1
1925 1995 1
1926 2402 1
1926 2413 1
1927 2559 -1
1929 2160 1
1929 2496 -1
1929 2566 1
1929 2686 1
1930 1935 -1
1930 2410 1
1931 1961 1
1931 2049 1
1931 2322 -1
1931 2730 -1
1932 2510 1
1932 2525 -1
1932 2575 -1
1933 1979 -1
1933 2428 -1
1933 2608 1
1934 2473 -1
1934 2519 -1
1935 2010 -1
1935 2445 -1
1936 2539 1
1937 2077 -1
1938 2539 1
1938 2630 -1
1938 2678 1
1939 2009 1
1939 2079 1
1940 2273 1
1940 2394 -1
1942 1986 -1
1942 2173 -1
1942 2284 1
1944 1953 1
1944 2379 1
1945 2334 -1
1945 2407 1
1946 2248 1
1946 2385 1
1947 1996 -1
1947 2210 1
1947 2451 1
1948 2480 1
1948 2645 1
1949 2015 1
1949 2374 1
1949 2636 1
1950 1955 -1
1951 2289 -1
1951 2329 1
1951 2438 -1
1953 2080 1
1955 2016 -1
1955 2297 1
1955 2704 1
1956 2108 -1
1956 2521 -1
1956 2724 1
1957 2258 1
1957 2470 1
1958 2519 -1
1958 2525 -1
1958 2575 -1
1959 2369 1
1959 2552 1
1961 2351 1
1962 2120 -1
1962 2569 1
1963 2298 -1
1963 2352 -1
1963 2603 1
1964 2007 1
1964 2505 1
1964 2697 -1
1965 2367 -1
1965 2726 -1
1966 2332 1
1968 1991 -1
1968 2457 1
1968 2682 -1
1969 2474 1
1970 2109 1
1970 2209 -1
1970 2286 -1
1970 2547 1
1971 2071 1
1971 2093 -1
1972 2209 -1
1972 2286 -1
1973 2087 -1
1974 2033 1
1974 2291 1
1975 2246 -1
1976 2038 1
1976 2514 1
1976 2612 -1
1977 2254 -1
1978 2019 -1
1978 2112 1
1979 2028 1
1979 2407 1
1980 2257 1
1980 2443 -1
1981 2135 -1
1981 2606 -1
1981 2613 -1
1982 2311 1
1982 2325 -1
1983 2701 -1
1984 2292 -1
1984 2387 -1
1984 2637 1
1985 2281 1
1986 2181 -1
1986 2703 -1
1987 2383 1
1987 2660 1
1988 2513 -1
1988 2533 1
1988 2639 -1
1989 2372 -1
1989 2482 1
1990 2361 1
1990 2714 1
1991 2376 -1
1991 2584 -1
1992 2523 1
1993 2698 -1
1994 2129 -1
1994 2502 -1
1995 2345 1
1995 2465 -1
1998 2111 -1
1998 2496 1
1998 2686 1
1999 2309 -1
1999 2504 1
2002 2410 -1
2002 2533 -1
2003 2466 1
2004 2542 -1
2006 2218 -1
2006 2692 1
2007 2708 1
2008 2667 1
2009 2380 1
2011 2275 -1
2011 2604 -1
2012 2246 1
2012 2364 1
2013 2442 1
2013 2453 1
2015 2092 -1
2015 2227 -1
2017 2668 -1
2018 2680 1
2018 2684 -1
2020 2135 1
2021 2311 -1
2021 2540 -1
2022 2444 -1
2023 2701 -1
2024 2127 -1
2024 2260 -1
2024 2411 -1
2024 2493 -1
2025 2160 -1
2025 2183 1
2026 2361 1
2027 2660 -1
2029 2586 -1
2029 2744 -1
2030 2543 -1
2030 2616 1
2031 2100 -1
2032 2213 -1
2032 2491 -1
2033 2241 -1
2034 2093 -1
2034 2439 -1
2035 2193 -1
2037 2061 -1
2037 2350 1
2039 2116 -1
2039 2349 -1
2040 2264 -1
2040 2331 -1
2040 2606 -1
2040 2649 -1
2041 2306 1
2041 2448 1
2041 2677 1
2043 2142 -1
2043 2460 -1
2044 2286 1
2044 2344 1
2044 2414 -1
2044 2522 1
2044 2547 -1
2045 2092 -1
2045 2726 -1
2046 2103 1
2046 2554 -1
2046 2684 -1
2047 2202 -1
2047 2502 -1
2047 2693 -1
2049 2498 1
2049 2663 1
2053 2070 -1
2053 2150 1
2053 2225 -1
2053 2731 -1
2055 2275 1
2055 2346 1
2056 2065 -1
2056 2358 1
2056 2554 1
2057 2737 1
2058 2721 -1
2059 2062 1
2059 2434 1
2059 2561 -1
2060 2664 -1
2060 2724 1
2061 2252 -1
2061 2473 1
2062 2667 -1
2063 2603 1
2064 2561 1
2065 2609 -1
2065 2623 1
2066 2245 -1
2066 2383 1
2067 2597 -1
2068 2721 1
2069 2366 1
2069 2474 1
2069 2703 1
2070 2157 -1
2070 2521 1
2072 2156 1
2072 2263 1
2072 2269 1
2073 2179 1
2073 2221 1
2074 2167 1
2077 2367 -1
2078 2301 1
2079 2299 1
2079 2323 -1
2080 2314 1
2081 2261 1
2081 2529 -1
2082 2324 1
2083 2091 -1
2084 2354 1
2084 2441 1
2086 2673 1
2086 2675 1
2087 2543 -1
2091 2291 1
2091 2450 -1
2091 2486 -1
2092 2279 1
2092 2490 1
2092 2636 1
2093 2594 -1
2094 2177 -1
2095 2513 1
2095 2533 -1
2097 2709 1
2098 2112 -1
2098 2377 -1
2099 2320 -1
2100 2645 -1
2101 2125 -1
2101 2134 -1
2101 2186 -1
2102 2205 1
2102 2611 -1
2102 2669 -1
2105 2268 1
2105 2717 1
2106 2226 1
2106 2463 -1
2106 2632 1
2107 2242 1
2107 2738 -1
2108 2225 1
2109 2391 1
2110 2372 1
2110 2700 -1
2111 2265 -1
2111 2374 1
2112 2496 1
2112 2531 -1
2114 2404 -1
2115 2509 -1
2116 2182 -1
2116 2342 -1
2116 2356 1
2117 2131 -1
2118 2609 1
2120 2198 -1
2121 2612 1
2121 2623 -1
2123 2484 1
2123 2689 1
2124 2365 1
2127 2466 1
2130 2210 -1
2131 2485 -1
2133 2596 -1
2133 2603 -1
2133 2668 1
2134 2341 1
2135 2344 -1
2135 2522 1
2136 2191 -1
2136 2406 -1
2136 2664 -1
2137 2744 -1
2138 2255 1
2138 2431 1
2139 2190 -1
2140 2536 -1
2142 2321 1
2142 2688 1
2143 2589 1
2144 2290 -1
2145 2181 1
2145 2691 -1
2146 2385 -1
2147 2164 1
2147 2190 -1
2147 2621 1
2149 2666 -1
2151 2744 1
2152 2172 1
2152 2214 1
2152 2476 -1
2153 2277 1
2154 2164 -1
2154 2621 1
2155 2195 -1
2158 2159 1
2158 2171 -1
2159 2504 -1
2162 2216 1
2162 2255 -1
2162 2625 1
2163 2497 -1
2164 2647 1
2166 2679 1
2167 2313 -1
2172 2449 -1
2172 2685 1
2173 2327 1
2174 2586 -1
2176 2247 -1
2177 2318 1
2178 2392 -1
2178 2707 1
2179 2654 1
2180 2523 -1
2180 2560 1
2181 2284 1
2181 2422 -1
2182 2261 1
2184 2627 -1
2185 2340 1
2185 2362 1
2185 2394 1
2187 2280 1
2187 2620 1
2188 2552 -1
2188 2579 -1
2189 2403 -1
2189 2691 -1
2192 2416 1
2193 2206 1
2195 2535 1
2195 2652 1
2195 2668 -1
2196 2251 1
2196 2720 -1
2197 2321 1
2200 2740 -1
2202 2600 1
2203 2622 -1
2204 2321 -1
2205 2534 1
2205 2661 -1
2206 2644 1
2211 2419 -1
2211 2711 -1
2212 2268 -1
2212 2301 1
2212 2624 1
2213 2337 1
2213 2375 1
2214 2449 1
2214 2573 1
2215 2348 1
2215 2694 1
2216 2447 1
2217 2293 1
2217 2360 -1
2217 2708 1
2219 2366 1
2220 2349 1
2221 2731 1
2226 2547 -1
2226 2665 -1
2227 2490 1
2229 2512 1
2231 2254 -1
2231 2570 1
2233 2257 -1
2233 2284 -1
2233 2443 -1
2233 2618 -1
2235 2392 1
2236 2434 -1
2236 2561 -1
2236 2607 1
2237 2264 1
2237 2649 1
2238 2373 1
2238 2584 1
2240 2634 -1
2240 2635 -1
2242 2624 -1
2243 2363 1
2243 2449 -1
2243 2685 1
2245 2416 1
2246 2408 -1
2246 2737 -1
2249 2273 1
2250 2633 1
2251 2333 1
2251 2610 1
2252 2353 -1
2252 2634 -1
2253 2611 1
2253 2643 -1
2253 2684 -1
2255 2536 -1
2256 2353 -1
2256 2550 1
2256 2567 1
2257 2316 1
2257 2464 -1
2260 2602 1
2261 2356 -1
2261 2572 1
2262 2455 -1
2263 2467 1
2263 2588 1
2264 2282 1
2265 2566 1
2265 2686 1
2269 2467 -1
2269 2516 1
2270 2355 1
2270 2455 1
2270 2528 1
2271 2455 1
2271 2676 1
2272 2340 -1
2274 2585 -1
2274 2683 -1
2277 2364 -1
2278 2559 1
2278 2592 -1
2281 2399 -1
2284 2464 -1
2285 2334 -1
2285 2670 1
2289 2426 1
2290 2401 -1
2292 2375 -1
2292 2540 1
2293 2679 -1
2294 2656 -1
2295 2333 -1
2295 2357 -1
2295 2660 1
2296 2556 -1
2296 2635 -1
2296 2689 1
2296 2712 -1
2298 2480 -1
2299 2396 1
2300 2336 -1
2300 2516 -1
2300 2602 1
2301 2365 -1
2302 2355 1
2303 2650 -1
2304 2663 1
2305 2489 1
2307 2420 -1
2307 2525 1
2307 2619 1
2311 2515 1
2312 2563 1
2312 2655 1
2312 2658 1
2313 2384 1
2315 2381 1
2316 2358 -1
2316 2439 -1
2316 2579 -1
2317 2503 -1
2317 2531 -1
2318 2679 1
2320 2571 1
2320 2576 -1
2321 2734 1
2322 2459 1
2322 2498 -1
2322 2699 -1
2323 2396 -1
2324 2677 1
2325 2515 -1
2328 2405 1
2328 2411 1
2329 2423 -1
2329 2735 -1
2330 2716 -1
2332 2546 -1
2332 2723 -1
2334 2471 -1
2336 2555 -1
2336 2728 -1
2338 2654 1
2340 2523 -1
2341 2394 -1
2342 2433 1
2343 2456 -1
2343 2590 1
2345 2568 -1
2345 2742 -1
2347 2705 1
2348 2401 1
2350 2399 -1
2350 2681 -1
2351 2361 -1
2352 2480 -1
2353 2681 1
2358 2464 -1
2359 2430 1
2359 2510 1
2360 2425 1
2360 2697 1
2362 2694 -1
2363 2495 -1
2364 2582 1
2365 2432 1
2367 2541 -1
2367 2718 1
2369 2534 1
2369 2661 1
2371 2705 -1
2372 2385 -1
2373 2457 -1
2373 2541 -1
2376 2491 1
2377 2496 1
2378 2634 1
2380 2571 -1
2381 2448 1
2382 2414 1
2382 2478 -1
2382 2720 1
2383 2553 -1
2385 2601 -1
2386 2647 1
2388 2429 -1
2389 2576 1
2391 2665 1
2393 2397 -1
2394 2694 1
2395 2683 1
2397 2575 -1
2399 2567 -1
2401 2564 -1
2402 2462 1
2402 2706 1
2405 2410 1
2405 2639 1
2407 2577 -1
2407 2608 -1
2408 2642 -1
2409 2586 -1
2409 2736 -1
2410 2551 1
2411 2466 -1
2413 2462 1
2414 2650 -1
2415 2524 1
2415 2527 -1
2417 2597 1
2424 2443 1
2426 2438 1
2428 2442 1
2429 2690 1
2433 2715 -1
2434 2474 -1
2434 2667 -1
2434 2703 1
2435 2593 1
2435 2604 -1
2436 2500 -1
2436 2627 1
2436 2721 1
2437 2518 1
2437 2627 1
2438 2709 -1
2438 2735 1
2440 2479 1
2440 2669 -1
2440 2680 1
2442 2729 -1
2446 2575 -1
2447 2451 1
2451 2481 -1
2453 2608 1
2456 2632 1
2456 2707 1
2457 2584 -1
2458 2480 -1
2459 2562 -1
2460 2504 1
2463 2665 1
2467 2493 1
2468 2569 1
2468 2710 -1
2473 2615 -1
2476 2728 -1
2477 2629 -1
2478 2529 1
2478 2650 -1
2480 2693 1
2481 2625 1
2482 2538 1
2482 2709 1
2484 2515 1
2485 2674 1
2488 2492 1
2488 2700 1
2490 2726 1
2493 2516 1
2493 2602 1
2494 2680 -1
2495 2562 1
2495 2685 1
2498 2562 -1
2501 2507 -1
2501 2649 1
2503 2560 1
2506 2519 1
2506 2575 1
2509 2649 1
2511 2655 1
2512 2616 1
2512 2717 -1
2516 2728 -1
2522 2650 1
2526 2637 -1
2529 2720 1
2530 2618 -1
2530 2715 1
2531 2704 -1
2532 2706 1
2532 2725 1
2533 2551 1
2535 2601 -1
2536 2708 1
2538 2617 -1
2542 2546 -1
2543 2702 -1
2544 2669 1
2545 2692 -1
2548 2615 1
2549 2727 -1
2551 2639 1
2552 2661 1
2554 2612 1
2555 2602 -1
2556 2588 -1
2561 2641 -1
2565 2735 -1
2571 2725 -1
2572 2716 -1
2576 2620 -1
2577 2742 1
2578 2671 -1
2579 2661 -1
2589 2633 -1
2590 2597 -1
2595 2705 1
2599 2691 1
2601 2652 1
2607 2651 -1
2611 2661 -1
2616 2702 1
2624 2682 -1
2632 2736 -1
2642 2737 1
2646 2686 -1
2646 2711 1
2657 2722 1
2664 2719 1
2672 2729 1
2679 2696 1
2688 2695 1
2697 2708 1
2698 2705 1
2699 2730 -1
2718 2722 1
2723 2735 1
