800 4694
1 5 1
1 124 1
1 323 1
1 395 1
1 463 1
1 556 1
1 574 1
2 36 1
2 211 1
2 282 1
2 288 1
2 337 1
2 676 1
2 679 1
3 217 1
3 321 1
3 323 1
3 334 1
3 486 1
3 678 1
3 756 1
4 35 1
4 98 1
4 107 1
4 127 1
4 139 1
4 141 1
4 146 1
4 150 1
4 154 1
4 189 1
4 246 1
4 247 1
4 286 1
4 324 1
4 351 1
4 352 1
4 387 1
4 393 1
4 406 1
4 503 1
4 535 1
4 594 1
4 620 1
4 621 1
4 636 1
4 638 1
4 639 1
4 689 1
4 710 1
4 722 1
4 728 1
4 785 1
5 124 1
5 259 1
5 291 1
5 422 1
5 428 1
5 463 1
5 556 1
5 707 1
6 36 1
6 66 1
6 103 1
6 172 1
6 204 1
6 229 1
6 232 1
6 272 1
6 372 1
6 384 1
6 417 1
6 497 1
6 563 1
6 568 1
6 711 1
6 766 1
7 24 1
7 116 1
7 132 1
7 153 1
7 207 1
7 231 1
7 417 1
7 549 1
7 623 1
7 703 1
7 762 1
8 58 1
8 151 1
8 265 1
8 361 1
8 692 1
8 727 1
8 739 1
9 211 1
9 255 1
9 266 1
9 282 1
9 528 1
9 715 1
9 741 1
9 758 1
9 762 1
10 259 1
10 360 1
10 403 1
10 662 1
10 695 1
10 786 1
11 30 1
11 66 1
11 68 1
11 218 1
11 236 1
11 265 1
11 300 1
11 334 1
11 355 1
11 390 1
11 400 1
11 634 1
11 660 1
11 684 1
11 739 1
11 775 1
11 787 1
12 15 1
12 144 1
12 154 1
12 208 1
12 241 1
12 309 1
12 314 1
12 482 1
12 531 1
13 175 1
13 222 1
13 323 1
13 478 1
13 500 1
13 707 1
14 125 1
14 268 1
14 435 1
14 522 1
14 529 1
15 154 1
15 193 1
15 249 1
15 531 1
15 623 1
16 54 1
16 337 1
16 346 1
16 482 1
16 510 1
16 617 1
17 38 1
17 127 1
17 286 1
17 309 1
17 339 1
17 368 1
17 408 1
17 482 1
17 495 1
17 623 1
17 627 1
17 649 1
17 657 1
18 62 1
18 126 1
18 141 1
18 246 1
18 298 1
18 360 1
18 561 1
18 623 1
18 755 1
19 179 1
19 286 1
19 351 1
19 363 1
19 538 1
19 628 1
19 649 1
20 218 1
20 352 1
20 401 1
20 500 1
20 646 1
20 745 1
21 143 1
21 491 1
21 659 1
21 683 1
21 703 1
21 707 1
21 779 1
21 798 1
22 128 1
22 175 1
22 260 1
22 404 1
22 727 1
22 739 1
23 35 1
23 65 1
23 67 1
23 92 1
23 114 1
23 127 1
23 136 1
23 142 1
23 286 1
23 339 1
23 346 1
23 351 1
23 352 1
23 547 1
23 570 1
23 638 1
23 730 1
23 733 1
23 739 1
23 794 1
24 118 1
24 170 1
24 266 1
24 400 1
24 417 1
24 505 1
24 549 1
24 582 1
24 703 1
24 739 1
25 156 1
25 351 1
25 414 1
25 547 1
25 592 1
25 641 1
25 665 1
25 698 1
25 755 1
25 782 1
26 286 1
26 324 1
26 400 1
26 693 1
26 709 1
26 722 1
27 75 1
27 108 1
27 256 1
27 285 1
27 292 1
27 333 1
27 345 1
27 369 1
27 412 1
27 422 1
27 463 1
27 468 1
27 522 1
27 570 1
27 575 1
27 643 1
27 656 1
27 691 1
27 695 1
27 743 1
27 785 1
27 799 1
28 38 1
28 181 1
28 267 1
28 333 1
28 342 1
28 348 1
28 360 1
28 377 1
28 433 1
28 635 1
28 692 1
28 730 1
28 734 1
29 33 1
29 42 1
29 144 1
29 173 1
29 234 1
29 291 1
29 328 1
29 372 1
29 395 1
29 414 1
29 611 1
29 645 1
30 400 1
30 567 1
30 629 1
30 684 1
30 702 1
31 52 1
31 84 1
31 144 1
31 147 1
31 174 1
31 190 1
31 256 1
31 279 1
31 430 1
31 791 1
32 88 1
32 360 1
32 372 1
32 393 1
32 669 1
32 708 1
32 739 1
33 267 1
33 268 1
33 291 1
33 347 1
33 372 1
33 611 1
34 133 1
34 143 1
34 199 1
34 329 1
34 725 1
34 765 1
35 127 1
35 141 1
35 142 1
35 286 1
35 339 1
35 722 1
35 733 1
35 739 1
36 144 1
36 161 1
36 163 1
36 211 1
36 262 1
36 266 1
36 282 1
36 284 1
36 293 1
36 320 1
36 372 1
36 384 1
36 400 1
36 403 1
36 410 1
36 455 1
36 462 1
36 463 1
36 464 1
36 466 1
36 484 1
36 494 1
36 500 1
36 516 1
36 534 1
36 553 1
36 557 1
36 562 1
36 570 1
36 592 1
36 597 1
36 603 1
36 623 1
36 678 1
36 679 1
36 680 1
36 685 1
36 691 1
36 711 1
36 737 1
36 739 1
36 789 1
37 346 1
37 360 1
37 419 1
37 486 1
37 604 1
37 634 1
37 665 1
38 58 1
38 76 1
38 105 1
38 109 1
38 114 1
38 117 1
38 127 1
38 128 1
38 181 1
38 205 1
38 214 1
38 230 1
38 243 1
38 264 1
38 275 1
38 286 1
38 292 1
38 316 1
38 339 1
38 342 1
38 347 1
38 351 1
38 391 1
38 416 1
38 444 1
38 474 1
38 500 1
38 549 1
38 579 1
38 602 1
38 627 1
38 649 1
38 684 1
38 692 1
38 693 1
38 701 1
38 727 1
38 730 1
38 731 1
38 739 1
38 746 1
38 783 1
39 80 1
39 103 1
39 198 1
39 327 1
39 360 1
39 437 1
40 169 1
40 266 1
40 302 1
40 379 1
40 409 1
40 549 1
40 691 1
40 740 1
41 76 1
41 103 1
41 145 1
41 189 1
41 255 1
41 303 1
41 336 1
41 454 1
41 522 1
41 544 1
41 574 1
41 595 1
41 703 1
41 739 1
41 798 1
42 291 1
42 414 1
42 513 1
42 620 1
42 621 1
42 713 1
43 125 1
43 360 1
43 395 1
43 416 1
43 739 1
43 754 1
44 86 1
44 127 1
44 195 1
44 202 1
44 219 1
44 383 1
44 385 1
44 561 1
44 621 1
44 737 1
44 776 1
45 82 1
45 330 1
45 534 1
45 594 1
45 595 1
45 624 1
46 173 1
46 344 1
46 360 1
46 427 1
46 578 1
46 725 1
47 118 1
47 232 1
47 382 1
47 523 1
47 759 1
48 253 1
48 313 1
48 357 1
48 383 1
48 419 1
48 691 1
49 71 1
49 141 1
49 298 1
49 360 1
49 715 1
49 766 1
50 127 1
50 213 1
50 347 1
50 447 1
50 513 1
50 543 1
50 579 1
50 596 1
50 614 1
50 624 1
50 686 1
50 692 1
50 698 1
50 709 1
50 719 1
50 739 1
50 752 1
50 772 1
50 793 1
51 119 1
51 259 1
51 358 1
51 360 1
51 408 1
51 430 1
51 558 1
51 707 1
51 718 1
52 105 1
52 147 1
52 283 1
52 430 1
52 767 1
53 103 1
53 322 1
53 350 1
53 356 1
53 380 1
53 383 1
53 636 1
54 85 1
54 300 1
54 305 1
54 334 1
54 346 1
54 360 1
54 482 1
54 505 1
54 542 1
54 592 1
54 623 1
54 637 1
55 314 1
55 330 1
55 347 1
55 519 1
55 526 1
55 765 1
56 93 1
56 147 1
56 183 1
56 252 1
56 327 1
56 356 1
56 397 1
56 576 1
57 106 1
57 178 1
57 226 1
57 487 1
57 514 1
57 518 1
57 599 1
57 629 1
57 692 1
57 764 1
58 99 1
58 151 1
58 335 1
58 510 1
58 549 1
58 723 1
58 727 1
59 64 1
59 188 1
59 224 1
59 237 1
59 400 1
59 545 1
59 592 1
59 642 1
59 683 1
59 716 1
59 731 1
59 775 1
59 800 1
60 291 1
60 372 1
60 706 1
60 711 1
60 750 1
60 756 1
61 127 1
61 196 1
61 286 1
61 296 1
61 385 1
61 427 1
61 620 1
61 621 1
62 108 1
62 141 1
62 298 1
62 389 1
62 522 1
62 786 1
63 252 1
63 288 1
63 467 1
63 609 1
63 676 1
63 677 1
64 163 1
64 227 1
64 366 1
64 533 1
64 556 1
64 595 1
64 624 1
64 683 1
64 731 1
64 800 1
65 67 1
65 92 1
65 382 1
65 457 1
65 605 1
65 638 1
65 682 1
65 788 1
66 204 1
66 265 1
66 417 1
66 653 1
66 739 1
66 766 1
66 775 1
67 140 1
67 484 1
67 529 1
67 638 1
67 655 1
67 761 1
68 91 1
68 144 1
68 170 1
68 218 1
68 334 1
68 347 1
68 355 1
68 400 1
68 469 1
68 684 1
68 741 1
68 770 1
68 775 1
69 103 1
69 147 1
69 163 1
69 204 1
69 214 1
69 217 1
69 243 1
69 286 1
69 427 1
69 722 1
69 723 1
70 143 1
70 190 1
70 199 1
70 219 1
70 237 1
70 372 1
70 378 1
70 703 1
71 80 1
71 83 1
71 180 1
71 290 1
71 354 1
71 360 1
71 367 1
71 560 1
71 619 1
71 630 1
71 673 1
71 691 1
71 766 1
72 107 1
72 127 1
72 165 1
72 240 1
72 246 1
72 383 1
72 428 1
72 549 1
72 728 1
73 97 1
73 157 1
73 351 1
73 429 1
73 502 1
73 555 1
74 163 1
74 356 1
74 423 1
74 527 1
74 632 1
75 285 1
75 375 1
75 422 1
75 521 1
75 735 1
76 103 1
76 137 1
76 205 1
76 255 1
76 275 1
76 351 1
76 391 1
76 539 1
76 544 1
76 646 1
76 693 1
76 703 1
76 727 1
77 144 1
77 400 1
77 458 1
77 466 1
77 523 1
77 549 1
77 637 1
78 268 1
78 290 1
78 520 1
78 726 1
78 727 1
78 758 1
79 153 1
79 177 1
79 196 1
79 480 1
79 645 1
79 671 1
79 753 1
80 127 1
80 359 1
80 360 1
80 371 1
80 372 1
80 400 1
80 437 1
80 673 1
80 706 1
81 204 1
81 366 1
81 417 1
81 533 1
81 556 1
81 653 1
82 182 1
82 330 1
82 372 1
82 399 1
82 413 1
82 456 1
82 460 1
82 464 1
82 534 1
82 625 1
82 626 1
82 694 1
82 751 1
82 781 1
83 560 1
83 567 1
83 630 1
83 725 1
83 765 1
84 169 1
84 264 1
84 279 1
84 323 1
84 677 1
84 791 1
85 175 1
85 203 1
85 542 1
85 623 1
85 635 1
85 640 1
85 707 1
86 195 1
86 385 1
86 422 1
86 561 1
86 579 1
86 620 1
86 621 1
86 673 1
86 694 1
86 733 1
86 749 1
87 372 1
87 400 1
87 445 1
87 570 1
87 590 1
87 605 1
87 691 1
88 220 1
88 618 1
88 648 1
88 664 1
88 666 1
88 669 1
88 739 1
89 162 1
89 198 1
89 204 1
89 232 1
89 527 1
89 725 1
90 118 1
90 232 1
90 296 1
90 312 1
90 322 1
90 323 1
90 517 1
90 572 1
90 593 1
90 691 1
91 170 1
91 173 1
91 360 1
91 395 1
91 400 1
91 741 1
92 176 1
92 281 1
92 352 1
92 457 1
92 524 1
92 545 1
92 638 1
92 731 1
93 252 1
93 280 1
93 356 1
93 431 1
93 436 1
93 531 1
93 549 1
93 570 1
93 576 1
93 672 1
93 704 1
93 769 1
93 799 1
94 286 1
94 302 1
94 569 1
94 600 1
94 628 1
94 783 1
95 150 1
95 238 1
95 337 1
95 510 1
95 659 1
95 725 1
95 765 1
96 129 1
96 144 1
96 179 1
96 360 1
96 377 1
96 485 1
96 530 1
96 621 1
96 694 1
97 100 1
97 148 1
97 157 1
97 164 1
97 201 1
97 263 1
97 421 1
97 555 1
97 623 1
97 725 1
97 750 1
98 125 1
98 127 1
98 141 1
98 162 1
98 418 1
99 159 1
99 179 1
99 335 1
99 344 1
99 362 1
99 391 1
99 510 1
99 607 1
99 723 1
99 743 1
99 772 1
99 794 1
100 109 1
100 148 1
100 155 1
100 164 1
100 181 1
100 241 1
100 318 1
100 326 1
100 360 1
100 372 1
100 384 1
100 414 1
100 544 1
100 576 1
100 623 1
101 186 1
101 330 1
101 360 1
101 417 1
101 460 1
101 644 1
101 703 1
102 131 1
102 267 1
102 347 1
102 360 1
102 372 1
102 570 1
103 125 1
103 130 1
103 137 1
103 147 1
103 162 1
103 163 1
103 198 1
103 204 1
103 221 1
103 232 1
103 255 1
103 263 1
103 294 1
103 299 1
103 302 1
103 307 1
103 327 1
103 329 1
103 331 1
103 336 1
103 348 1
103 377 1
103 380 1
103 383 1
103 397 1
103 400 1
103 401 1
103 410 1
103 416 1
103 438 1
103 446 1
103 448 1
103 451 1
103 454 1
103 478 1
103 492 1
103 496 1
103 499 1
103 521 1
103 522 1
103 545 1
103 547 1
103 554 1
103 565 1
103 577 1
103 580 1
103 584 1
103 601 1
103 643 1
103 667 1
103 671 1
103 677 1
103 683 1
103 691 1
103 697 1
103 703 1
103 739 1
103 751 1
103 754 1
103 775 1
103 798 1
104 106 1
104 159 1
104 248 1
104 446 1
104 488 1
104 538 1
104 599 1
104 680 1
104 732 1
104 784 1
105 283 1
105 316 1
105 328 1
105 507 1
105 623 1
105 650 1
105 654 1
105 664 1
105 680 1
105 727 1
105 767 1
106 158 1
106 167 1
106 226 1
106 233 1
106 248 1
106 288 1
106 337 1
106 451 1
106 472 1
106 488 1
106 599 1
106 621 1
106 629 1
106 692 1
106 739 1
106 784 1
107 121 1
107 165 1
107 246 1
107 247 1
107 285 1
107 343 1
107 503 1
107 526 1
107 592 1
107 594 1
107 620 1
107 682 1
107 710 1
107 728 1
107 739 1
107 776 1
108 110 1
108 197 1
108 213 1
108 360 1
108 373 1
108 376 1
108 388 1
108 511 1
108 522 1
108 549 1
108 570 1
108 575 1
108 576 1
108 651 1
108 695 1
108 718 1
108 779 1
108 785 1
109 155 1
109 241 1
109 351 1
109 391 1
110 210 1
110 372 1
110 460 1
110 511 1
110 549 1
110 565 1
110 576 1
110 621 1
111 144 1
111 228 1
111 360 1
111 375 1
111 441 1
111 458 1
111 477 1
111 570 1
111 597 1
111 699 1
111 747 1
111 760 1
112 125 1
112 183 1
112 338 1
112 453 1
112 619 1
112 677 1
112 707 1
113 127 1
113 424 1
113 430 1
113 448 1
113 502 1
113 558 1
113 570 1
113 620 1
114 117 1
114 127 1
114 128 1
114 136 1
114 276 1
114 346 1
114 362 1
114 500 1
115 163 1
115 315 1
115 450 1
115 673 1
115 683 1
115 756 1
116 207 1
116 225 1
116 356 1
116 417 1
116 483 1
116 549 1
117 128 1
117 139 1
117 416 1
117 500 1
117 510 1
117 531 1
117 590 1
118 170 1
118 232 1
118 369 1
118 372 1
118 400 1
118 413 1
118 431 1
118 517 1
118 572 1
118 668 1
118 759 1
119 149 1
119 360 1
119 430 1
119 468 1
119 524 1
120 127 1
120 340 1
120 360 1
120 616 1
120 638 1
120 713 1
121 285 1
121 331 1
121 343 1
121 400 1
121 503 1
121 506 1
121 592 1
121 739 1
121 760 1
122 173 1
122 275 1
122 340 1
122 395 1
122 631 1
122 768 1
123 144 1
123 179 1
123 308 1
123 309 1
123 314 1
123 531 1
123 570 1
124 240 1
124 353 1
124 417 1
124 452 1
124 556 1
124 780 1
125 138 1
125 162 1
125 263 1
125 297 1
125 332 1
125 410 1
125 416 1
125 418 1
125 419 1
125 435 1
125 438 1
125 453 1
125 456 1
125 514 1
125 522 1
125 597 1
125 619 1
125 705 1
125 754 1
126 134 1
126 325 1
126 432 1
126 623 1
126 751 1
126 755 1
127 132 1
127 137 1
127 141 1
127 177 1
127 196 1
127 210 1
127 215 1
127 219 1
127 244 1
127 251 1
127 255 1
127 286 1
127 296 1
127 317 1
127 331 1
127 335 1
127 351 1
127 352 1
127 368 1
127 372 1
127 374 1
127 381 1
127 383 1
127 394 1
127 400 1
127 427 1
127 475 1
127 495 1
127 500 1
127 502 1
127 513 1
127 519 1
127 532 1
127 540 1
127 547 1
127 549 1
127 604 1
127 609 1
127 614 1
127 617 1
127 620 1
127 627 1
127 638 1
127 647 1
127 657 1
127 665 1
127 670 1
127 675 1
127 681 1
127 683 1
127 703 1
127 709 1
127 713 1
127 722 1
127 727 1
127 737 1
127 739 1
127 752 1
127 776 1
128 666 1
128 727 1
128 739 1
129 144 1
129 221 1
129 360 1
129 377 1
129 530 1
129 704 1
130 144 1
130 168 1
130 250 1
130 331 1
130 418 1
130 566 1
130 667 1
130 717 1
130 775 1
131 172 1
131 180 1
131 268 1
131 360 1
131 383 1
131 449 1
131 492 1
131 570 1
131 593 1
131 677 1
131 763 1
132 235 1
132 249 1
132 500 1
132 540 1
132 549 1
132 623 1
133 180 1
133 274 1
133 514 1
133 619 1
133 630 1
133 725 1
133 765 1
134 163 1
134 266 1
134 603 1
134 623 1
134 755 1
135 153 1
135 372 1
135 447 1
135 623 1
135 751 1
135 762 1
136 346 1
136 362 1
136 421 1
136 492 1
136 570 1
136 694 1
136 751 1
136 794 1
137 547 1
137 675 1
137 703 1
138 157 1
138 332 1
138 363 1
138 376 1
138 597 1
138 662 1
138 694 1
139 179 1
139 215 1
139 253 1
139 324 1
139 423 1
139 510 1
139 531 1
139 540 1
139 722 1
139 796 1
140 372 1
140 395 1
140 425 1
140 484 1
140 529 1
140 574 1
140 761 1
141 150 1
141 191 1
141 246 1
141 298 1
141 439 1
141 462 1
141 612 1
141 715 1
141 728 1
142 163 1
142 286 1
142 339 1
142 360 1
142 501 1
142 554 1
143 199 1
143 291 1
143 329 1
143 378 1
143 491 1
143 616 1
143 659 1
143 683 1
143 703 1
143 707 1
143 738 1
144 151 1
144 154 1
144 163 1
144 166 1
144 168 1
144 170 1
144 171 1
144 173 1
144 179 1
144 190 1
144 212 1
144 221 1
144 230 1
144 234 1
144 241 1
144 242 1
144 256 1
144 257 1
144 269 1
144 277 1
144 288 1
144 309 1
144 314 1
144 326 1
144 334 1
144 341 1
144 343 1
144 352 1
144 357 1
144 359 1
144 360 1
144 363 1
144 371 1
144 372 1
144 375 1
144 377 1
144 386 1
144 388 1
144 389 1
144 395 1
144 400 1
144 426 1
144 444 1
144 458 1
144 464 1
144 465 1
144 475 1
144 476 1
144 482 1
144 489 1
144 500 1
144 510 1
144 515 1
144 523 1
144 531 1
144 541 1
144 542 1
144 550 1
144 557 1
144 570 1
144 581 1
144 592 1
144 597 1
144 602 1
144 623 1
144 628 1
144 646 1
144 671 1
144 691 1
144 703 1
144 704 1
144 737 1
144 739 1
144 745 1
144 754 1
144 771 1
144 775 1
144 780 1
144 783 1
144 786 1
144 788 1
145 255 1
145 454 1
145 645 1
145 671 1
145 775 1
146 351 1
146 352 1
146 486 1
146 591 1
146 665 1
146 702 1
147 164 1
147 183 1
147 204 1
147 279 1
147 327 1
147 397 1
147 430 1
148 286 1
148 427 1
148 470 1
148 623 1
149 268 1
149 344 1
149 347 1
149 468 1
149 510 1
149 524 1
149 577 1
149 623 1
149 663 1
149 786 1
149 792 1
150 246 1
150 298 1
150 387 1
150 436 1
150 462 1
150 612 1
150 636 1
150 659 1
150 707 1
150 710 1
150 715 1
150 725 1
150 728 1
151 326 1
151 372 1
151 426 1
151 549 1
151 727 1
152 365 1
152 425 1
152 493 1
152 531 1
152 570 1
152 579 1
152 767 1
153 196 1
153 299 1
153 347 1
153 409 1
153 471 1
153 480 1
153 504 1
153 549 1
153 562 1
153 606 1
153 623 1
153 671 1
153 762 1
154 406 1
154 531 1
154 639 1
155 241 1
155 270 1
155 318 1
155 366 1
155 441 1
155 474 1
155 570 1
155 597 1
155 605 1
156 157 1
156 306 1
156 351 1
156 363 1
156 547 1
156 662 1
156 675 1
156 699 1
157 201 1
157 263 1
157 306 1
157 363 1
157 376 1
157 407 1
157 438 1
157 555 1
157 662 1
157 750 1
158 282 1
158 320 1
158 445 1
158 518 1
158 523 1
158 549 1
158 551 1
158 570 1
158 599 1
158 629 1
158 637 1
158 692 1
158 784 1
159 179 1
159 403 1
159 446 1
159 510 1
159 680 1
159 732 1
160 164 1
160 276 1
160 375 1
160 430 1
160 541 1
160 579 1
161 183 1
161 382 1
161 430 1
161 553 1
161 737 1
162 194 1
162 198 1
162 263 1
162 379 1
162 418 1
162 419 1
162 438 1
162 446 1
162 521 1
162 591 1
162 725 1
162 756 1
163 166 1
163 187 1
163 189 1
163 198 1
163 204 1
163 225 1
163 227 1
163 229 1
163 232 1
163 266 1
163 278 1
163 302 1
163 306 1
163 315 1
163 327 1
163 340 1
163 352 1
163 356 1
163 360 1
163 399 1
163 425 1
163 437 1
163 459 1
163 476 1
163 479 1
163 500 1
163 501 1
163 509 1
163 517 1
163 527 1
163 529 1
163 535 1
163 549 1
163 554 1
163 557 1
163 562 1
163 566 1
163 567 1
163 576 1
163 595 1
163 603 1
163 623 1
163 624 1
163 667 1
163 673 1
163 683 1
163 691 1
163 703 1
163 727 1
163 738 1
163 739 1
163 761 1
163 769 1
163 770 1
163 788 1
164 183 1
164 206 1
164 279 1
164 360 1
164 382 1
164 384 1
164 430 1
164 579 1
164 623 1
164 656 1
165 240 1
165 321 1
165 542 1
165 700 1
165 728 1
166 171 1
166 212 1
166 227 1
166 340 1
166 360 1
166 363 1
166 489 1
166 531 1
166 754 1
167 230 1
167 488 1
167 599 1
167 602 1
167 731 1
168 204 1
168 268 1
168 414 1
168 566 1
168 704 1
168 717 1
168 775 1
169 279 1
169 409 1
169 740 1
169 791 1
170 360 1
170 400 1
170 431 1
170 433 1
170 490 1
170 496 1
170 552 1
170 563 1
170 581 1
170 595 1
170 739 1
170 741 1
170 797 1
171 344 1
171 647 1
171 725 1
171 754 1
172 180 1
172 268 1
172 396 1
172 417 1
172 497 1
172 563 1
172 570 1
173 234 1
173 343 1
173 356 1
173 360 1
173 395 1
173 578 1
173 628 1
173 645 1
173 739 1
173 768 1
174 190 1
174 256 1
174 359 1
174 377 1
174 557 1
175 203 1
175 260 1
175 311 1
175 323 1
175 404 1
175 640 1
175 650 1
175 707 1
175 778 1
176 281 1
176 360 1
176 419 1
176 545 1
176 604 1
177 221 1
177 331 1
177 381 1
177 394 1
177 400 1
177 488 1
177 532 1
177 645 1
177 671 1
177 736 1
177 775 1
178 291 1
178 498 1
178 518 1
178 601 1
178 692 1
178 728 1
178 764 1
179 201 1
179 215 1
179 245 1
179 291 1
179 338 1
179 360 1
179 363 1
179 370 1
179 391 1
179 423 1
179 430 1
179 434 1
179 448 1
179 455 1
179 485 1
179 487 1
179 489 1
179 510 1
179 515 1
179 531 1
179 538 1
179 551 1
179 558 1
179 570 1
179 575 1
179 578 1
179 588 1
179 598 1
179 607 1
179 620 1
179 621 1
179 648 1
179 649 1
179 653 1
179 662 1
179 675 1
179 694 1
179 706 1
179 711 1
179 712 1
179 739 1
179 747 1
179 754 1
179 786 1
180 570 1
180 619 1
180 630 1
181 292 1
181 326 1
181 342 1
181 348 1
181 433 1
181 450 1
181 544 1
181 635 1
181 692 1
181 734 1
181 739 1
181 791 1
182 351 1
182 354 1
182 356 1
182 576 1
182 626 1
182 685 1
182 694 1
182 751 1
183 323 1
183 327 1
183 338 1
183 382 1
183 397 1
183 430 1
183 656 1
183 677 1
183 678 1
183 707 1
183 790 1
184 265 1
184 303 1
184 331 1
184 418 1
184 536 1
184 739 1
185 400 1
185 505 1
185 623 1
185 637 1
185 692 1
185 775 1
185 777 1
186 417 1
186 425 1
186 644 1
186 667 1
186 673 1
187 438 1
187 683 1
187 703 1
187 742 1
187 750 1
188 237 1
188 268 1
188 326 1
188 372 1
188 545 1
189 225 1
189 246 1
189 293 1
189 303 1
189 306 1
189 307 1
189 360 1
189 476 1
189 503 1
189 535 1
189 537 1
189 595 1
189 620 1
189 621 1
189 644 1
189 739 1
189 744 1
189 774 1
190 228 1
190 237 1
190 256 1
190 372 1
190 452 1
190 570 1
190 602 1
190 640 1
190 690 1
190 691 1
191 264 1
191 277 1
191 439 1
191 612 1
191 727 1
192 206 1
192 223 1
192 266 1
192 337 1
192 510 1
192 595 1
192 617 1
192 683 1
192 703 1
193 249 1
193 284 1
193 355 1
193 410 1
193 580 1
193 592 1
193 608 1
193 623 1
193 680 1
193 756 1
194 246 1
194 263 1
194 268 1
194 365 1
194 379 1
194 426 1
194 446 1
194 558 1
194 584 1
194 652 1
194 658 1
195 490 1
195 561 1
195 739 1
195 797 1
196 286 1
196 480 1
196 562 1
196 606 1
197 206 1
197 434 1
197 457 1
197 511 1
197 576 1
197 683 1
198 327 1
198 406 1
198 414 1
198 479 1
198 485 1
198 591 1
198 669 1
198 683 1
198 725 1
198 753 1
198 756 1
199 219 1
199 325 1
199 329 1
199 378 1
199 529 1
199 703 1
199 726 1
200 284 1
200 372 1
200 476 1
200 523 1
200 546 1
200 641 1
200 691 1
200 711 1
200 767 1
201 360 1
201 430 1
202 259 1
202 383 1
202 403 1
202 678 1
202 737 1
203 205 1
203 260 1
203 271 1
203 411 1
203 443 1
203 527 1
203 572 1
203 596 1
203 620 1
203 640 1
203 650 1
203 661 1
203 676 1
203 707 1
203 713 1
203 787 1
204 232 1
204 268 1
204 380 1
204 392 1
204 414 1
204 417 1
204 437 1
204 527 1
204 529 1
204 653 1
205 275 1
205 411 1
205 676 1
205 693 1
205 713 1
206 266 1
206 353 1
206 360 1
206 384 1
206 434 1
206 683 1
207 231 1
207 357 1
207 417 1
207 745 1
207 786 1
208 297 1
208 309 1
208 314 1
208 522 1
208 662 1
209 226 1
209 349 1
209 523 1
209 597 1
209 623 1
209 629 1
209 750 1
210 500 1
210 540 1
210 549 1
210 576 1
210 739 1
211 266 1
211 282 1
211 298 1
211 360 1
211 385 1
211 496 1
211 564 1
212 363 1
212 367 1
212 473 1
212 489 1
212 528 1
212 529 1
212 589 1
212 681 1
213 347 1
213 388 1
213 515 1
213 570 1
213 579 1
213 686 1
213 786 1
214 217 1
214 243 1
214 261 1
214 286 1
214 347 1
214 386 1
214 444 1
214 571 1
214 582 1
214 701 1
214 723 1
214 746 1
215 244 1
215 352 1
215 475 1
215 531 1
215 713 1
216 359 1
216 372 1
216 400 1
216 504 1
216 590 1
216 671 1
216 775 1
217 286 1
217 323 1
217 678 1
218 300 1
218 334 1
218 353 1
218 401 1
218 417 1
218 494 1
218 511 1
218 549 1
218 633 1
218 644 1
218 660 1
218 745 1
218 746 1
218 780 1
218 784 1
219 703 1
219 776 1
220 373 1
220 459 1
220 560 1
220 570 1
220 648 1
220 664 1
220 670 1
220 703 1
221 475 1
221 671 1
221 704 1
221 775 1
221 783 1
222 278 1
222 373 1
222 476 1
222 478 1
222 500 1
222 570 1
222 623 1
222 680 1
223 245 1
223 260 1
223 337 1
223 372 1
223 595 1
223 632 1
223 756 1
223 767 1
224 360 1
224 545 1
224 550 1
224 612 1
224 623 1
224 688 1
224 716 1
224 755 1
225 307 1
225 356 1
225 399 1
225 483 1
225 549 1
225 595 1
225 774 1
226 263 1
226 349 1
226 629 1
226 692 1
226 750 1
227 360 1
227 556 1
227 800 1
228 237 1
228 360 1
228 372 1
228 458 1
228 504 1
228 510 1
228 570 1
228 595 1
228 597 1
228 619 1
228 657 1
228 699 1
229 384 1
229 497 1
229 667 1
229 673 1
230 295 1
230 371 1
230 387 1
230 415 1
230 472 1
230 602 1
230 691 1
230 693 1
230 731 1
230 792 1
231 271 1
231 417 1
231 572 1
231 620 1
231 703 1
232 272 1
232 369 1
232 372 1
232 381 1
232 397 1
232 400 1
232 413 1
232 417 1
232 517 1
232 527 1
232 572 1
232 580 1
232 593 1
232 691 1
232 759 1
233 246 1
233 442 1
233 576 1
233 629 1
233 739 1
234 328 1
234 570 1
234 583 1
234 645 1
234 703 1
235 249 1
235 254 1
235 500 1
235 540 1
235 553 1
235 557 1
235 737 1
236 334 1
236 340 1
236 400 1
236 478 1
236 570 1
236 610 1
237 372 1
237 545 1
237 683 1
237 726 1
238 337 1
238 393 1
238 510 1
238 621 1
238 708 1
239 261 1
239 360 1
239 382 1
239 425 1
239 579 1
239 620 1
239 795 1
240 417 1
240 428 1
240 452 1
240 728 1
240 780 1
241 242 1
241 318 1
241 366 1
241 414 1
241 512 1
241 531 1
241 570 1
241 668 1
241 687 1
241 704 1
241 740 1
242 491 1
242 570 1
242 598 1
242 687 1
242 706 1
242 740 1
243 286 1
243 386 1
243 427 1
243 579 1
243 692 1
243 723 1
244 332 1
244 335 1
244 352 1
244 691 1
244 751 1
245 487 1
245 607 1
245 756 1
245 767 1
246 268 1
246 293 1
246 298 1
246 365 1
246 387 1
246 426 1
246 442 1
246 558 1
246 576 1
246 620 1
246 644 1
246 658 1
246 728 1
247 293 1
247 320 1
247 393 1
247 464 1
247 689 1
247 728 1
248 488 1
248 510 1
248 623 1
248 771 1
249 540 1
249 608 1
249 623 1
250 264 1
250 277 1
250 316 1
250 566 1
250 775 1
251 351 1
251 395 1
251 671 1
251 691 1
252 288 1
252 356 1
252 451 1
252 676 1
253 324 1
253 383 1
253 471 1
253 490 1
253 691 1
253 722 1
254 319 1
254 321 1
254 557 1
254 707 1
254 737 1
255 299 1
255 368 1
255 383 1
255 405 1
255 454 1
255 528 1
255 544 1
255 574 1
255 609 1
255 665 1
255 679 1
255 681 1
255 683 1
255 715 1
255 758 1
255 782 1
256 372 1
256 388 1
256 400 1
256 422 1
256 424 1
256 517 1
256 583 1
256 608 1
256 619 1
256 640 1
256 690 1
256 691 1
256 703 1
256 739 1
256 743 1
257 360 1
257 370 1
257 573 1
257 587 1
257 615 1
257 623 1
257 691 1
257 751 1
257 763 1
258 309 1
258 400 1
258 448 1
258 476 1
258 623 1
258 671 1
259 264 1
259 291 1
259 323 1
259 358 1
259 403 1
259 408 1
259 678 1
259 695 1
259 707 1
259 718 1
260 404 1
260 595 1
260 632 1
260 650 1
261 286 1
261 386 1
261 585 1
261 722 1
261 724 1
261 795 1
262 284 1
262 351 1
262 356 1
262 403 1
262 770 1
263 291 1
263 407 1
263 419 1
263 438 1
263 446 1
263 522 1
263 547 1
263 554 1
263 555 1
263 629 1
263 725 1
263 728 1
263 742 1
263 750 1
263 751 1
264 277 1
264 316 1
264 323 1
264 403 1
264 677 1
264 678 1
264 695 1
264 727 1
264 731 1
265 303 1
265 358 1
265 536 1
265 634 1
265 692 1
265 739 1
266 282 1
266 379 1
266 434 1
266 505 1
266 549 1
266 586 1
266 603 1
266 623 1
266 683 1
266 703 1
266 714 1
266 735 1
266 749 1
266 769 1
267 268 1
267 312 1
267 347 1
267 360 1
267 372 1
267 377 1
267 537 1
267 552 1
267 557 1
268 290 1
268 294 1
268 326 1
268 344 1
268 347 1
268 365 1
268 372 1
268 392 1
268 414 1
268 442 1
268 461 1
268 480 1
268 493 1
268 501 1
268 508 1
268 529 1
268 552 1
268 558 1
268 570 1
268 576 1
268 584 1
268 613 1
268 615 1
268 647 1
268 674 1
268 725 1
268 726 1
268 739 1
268 763 1
269 326 1
269 346 1
269 458 1
269 486 1
269 550 1
269 631 1
269 756 1
270 302 1
270 441 1
270 453 1
270 570 1
270 600 1
270 605 1
270 677 1
270 748 1
270 773 1
271 572 1
271 579 1
271 620 1
271 713 1
271 761 1
271 767 1
271 793 1
272 291 1
272 417 1
272 499 1
272 567 1
272 702 1
273 291 1
273 311 1
273 414 1
273 479 1
273 567 1
273 696 1
273 729 1
274 372 1
274 514 1
274 692 1
274 725 1
275 340 1
275 360 1
275 506 1
275 576 1
275 631 1
276 346 1
276 362 1
276 430 1
276 579 1
277 316 1
277 360 1
277 592 1
277 727 1
278 373 1
278 500 1
278 509 1
278 576 1
278 770 1
279 430 1
279 522 1
279 626 1
279 689 1
279 703 1
279 720 1
279 791 1
280 436 1
280 549 1
280 570 1
280 576 1
280 603 1
280 672 1
280 799 1
281 360 1
281 490 1
281 545 1
281 563 1
281 731 1
282 518 1
282 523 1
282 570 1
282 623 1
282 679 1
282 735 1
283 356 1
283 423 1
283 507 1
283 664 1
283 748 1
284 355 1
284 403 1
284 410 1
284 446 1
284 476 1
284 509 1
284 641 1
284 680 1
284 767 1
285 422 1
285 463 1
285 503 1
285 506 1
285 592 1
285 739 1
286 324 1
286 351 1
286 386 1
286 427 1
286 442 1
286 470 1
286 508 1
286 569 1
286 570 1
286 585 1
286 628 1
286 649 1
286 657 1
286 719 1
286 722 1
286 739 1
286 768 1
286 783 1
287 372 1
287 430 1
287 516 1
287 557 1
287 579 1
287 588 1
287 597 1
288 337 1
288 451 1
288 500 1
288 646 1
288 676 1
289 330 1
289 360 1
289 429 1
289 464 1
289 640 1
289 660 1
290 294 1
290 372 1
290 378 1
290 480 1
290 498 1
290 560 1
290 691 1
290 726 1
291 311 1
291 360 1
291 372 1
291 398 1
291 414 1
291 428 1
291 440 1
291 479 1
291 498 1
291 499 1
291 542 1
291 567 1
291 575 1
291 598 1
291 600 1
291 611 1
291 618 1
291 629 1
291 654 1
291 659 1
291 675 1
291 702 1
291 706 1
291 707 1
291 711 1
291 718 1
291 725 1
291 728 1
291 750 1
291 756 1
291 786 1
292 333 1
292 522 1
292 570 1
292 643 1
292 739 1
293 320 1
293 410 1
293 464 1
293 644 1
294 302 1
294 480 1
294 584 1
295 321 1
295 371 1
295 472 1
295 691 1
295 700 1
295 757 1
295 792 1
296 317 1
296 323 1
296 427 1
296 519 1
296 691 1
297 418 1
297 419 1
297 522 1
297 662 1
297 705 1
297 716 1
298 360 1
298 496 1
298 564 1
298 715 1
299 347 1
299 454 1
299 671 1
300 346 1
300 360 1
300 660 1
301 316 1
301 337 1
301 382 1
301 415 1
301 605 1
301 621 1
301 708 1
301 767 1
302 322 1
302 323 1
302 360 1
302 396 1
302 401 1
302 453 1
302 584 1
302 594 1
302 595 1
302 600 1
302 614 1
302 624 1
302 642 1
302 677 1
302 691 1
302 740 1
303 358 1
303 450 1
303 536 1
303 692 1
303 739 1
303 744 1
304 321 1
304 322 1
304 349 1
304 512 1
304 587 1
304 614 1
304 639 1
304 642 1
304 718 1
305 542 1
305 623 1
305 637 1
305 700 1
306 363 1
306 476 1
306 535 1
307 398 1
307 476 1
307 547 1
307 569 1
307 595 1
307 700 1
307 751 1
307 774 1
308 355 1
308 531 1
308 570 1
308 684 1
308 787 1
309 314 1
309 315 1
309 368 1
309 476 1
309 482 1
309 495 1
309 508 1
309 621 1
309 623 1
309 677 1
310 360 1
310 371 1
310 375 1
310 443 1
310 541 1
310 673 1
310 706 1
311 567 1
311 707 1
311 778 1
312 322 1
312 323 1
312 360 1
312 537 1
313 357 1
313 419 1
313 529 1
313 589 1
313 633 1
313 673 1
313 681 1
313 721 1
314 330 1
314 344 1
314 347 1
314 482 1
315 479 1
315 621 1
315 677 1
316 328 1
316 382 1
316 605 1
316 654 1
316 727 1
317 519 1
317 649 1
317 662 1
317 744 1
318 322 1
318 356 1
318 360 1
318 366 1
318 372 1
318 414 1
318 423 1
318 512 1
318 545 1
318 632 1
318 668 1
318 732 1
319 321 1
319 404 1
319 570 1
319 595 1
319 707 1
319 752 1
319 757 1
320 464 1
320 629 1
320 692 1
320 797 1
321 323 1
321 542 1
321 587 1
321 678 1
321 700 1
321 707 1
321 718 1
321 757 1
321 790 1
322 323 1
322 349 1
322 350 1
322 356 1
322 372 1
322 636 1
322 642 1
322 691 1
323 372 1
323 395 1
323 453 1
323 516 1
323 574 1
323 677 1
323 678 1
323 691 1
323 707 1
323 739 1
323 778 1
323 790 1
324 395 1
324 471 1
324 691 1
324 722 1
324 739 1
324 781 1
325 372 1
325 432 1
325 529 1
325 559 1
325 587 1
325 726 1
325 751 1
326 372 1
326 400 1
326 458 1
326 461 1
326 469 1
326 544 1
326 550 1
326 576 1
326 627 1
326 630 1
326 674 1
326 693 1
326 709 1
326 764 1
327 430 1
328 645 1
328 654 1
329 390 1
329 432 1
329 451 1
329 478 1
329 524 1
329 526 1
329 545 1
329 573 1
329 592 1
329 683 1
329 703 1
329 712 1
329 729 1
329 739 1
329 757 1
329 775 1
329 778 1
330 344 1
330 347 1
330 360 1
330 460 1
330 464 1
330 532 1
330 534 1
330 743 1
330 794 1
331 381 1
331 418 1
331 667 1
331 671 1
331 739 1
332 372 1
332 440 1
332 453 1
332 522 1
332 571 1
332 597 1
332 619 1
332 691 1
332 751 1
333 342 1
333 522 1
333 635 1
334 346 1
334 360 1
334 386 1
334 400 1
334 482 1
334 486 1
334 660 1
334 756 1
335 352 1
335 723 1
336 372 1
336 454 1
336 570 1
336 576 1
336 603 1
337 372 1
337 375 1
337 451 1
337 472 1
337 510 1
337 519 1
337 526 1
337 589 1
337 595 1
337 617 1
337 621 1
337 676 1
337 687 1
337 708 1
337 765 1
338 570 1
338 653 1
338 707 1
339 627 1
340 360 1
340 478 1
340 500 1
340 506 1
340 549 1
340 570 1
340 576 1
340 610 1
340 616 1
340 622 1
340 631 1
340 673 1
341 508 1
341 557 1
341 568 1
341 768 1
341 788 1
342 542 1
342 635 1
342 730 1
342 756 1
343 503 1
343 628 1
344 347 1
344 400 1
344 427 1
344 470 1
344 525 1
344 532 1
344 577 1
344 607 1
344 647 1
344 663 1
344 671 1
344 725 1
344 739 1
344 743 1
344 794 1
345 414 1
345 623 1
345 695 1
345 756 1
345 785 1
345 799 1
346 357 1
346 360 1
346 362 1
346 419 1
346 421 1
346 482 1
346 486 1
346 570 1
346 631 1
346 673 1
346 756 1
347 372 1
347 400 1
347 409 1
347 470 1
347 504 1
347 520 1
347 543 1
347 571 1
347 579 1
347 663 1
347 671 1
347 692 1
347 701 1
347 739 1
347 746 1
347 770 1
347 775 1
347 794 1
348 433 1
348 448 1
348 667 1
349 614 1
349 750 1
350 356 1
350 372 1
350 400 1
350 458 1
350 610 1
350 627 1
351 352 1
351 354 1
351 356 1
351 391 1
351 429 1
351 502 1
351 547 1
351 576 1
351 628 1
351 641 1
351 670 1
351 675 1
351 685 1
351 727 1
351 730 1
351 770 1
351 783 1
352 500 1
352 581 1
352 638 1
352 646 1
352 713 1
353 360 1
353 384 1
353 417 1
353 746 1
353 780 1
354 367 1
354 394 1
354 576 1
354 685 1
354 766 1
355 680 1
355 684 1
355 787 1
356 360 1
356 372 1
356 395 1
356 399 1
356 423 1
356 436 1
356 545 1
356 549 1
356 576 1
356 578 1
356 632 1
356 636 1
356 738 1
356 748 1
356 768 1
356 770 1
357 419 1
357 673 1
357 745 1
357 775 1
357 786 1
358 692 1
358 718 1
359 372 1
359 377 1
359 400 1
359 557 1
360 367 1
360 370 1
360 372 1
360 373 1
360 375 1
360 377 1
360 384 1
360 385 1
360 395 1
360 402 1
360 414 1
360 419 1
360 430 1
360 437 1
360 441 1
360 460 1
360 464 1
360 486 1
360 490 1
360 496 1
360 501 1
360 506 1
360 510 1
360 517 1
360 522 1
360 530 1
360 537 1
360 541 1
360 545 1
360 548 1
360 549 1
360 550 1
360 553 1
360 557 1
360 558 1
360 561 1
360 570 1
360 576 1
360 578 1
360 581 1
360 585 1
360 592 1
360 595 1
360 604 1
360 612 1
360 613 1
360 615 1
360 620 1
360 621 1
360 622 1
360 623 1
360 634 1
360 655 1
360 657 1
360 662 1
360 665 1
360 669 1
360 673 1
360 706 1
360 716 1
360 718 1
360 721 1
360 722 1
360 724 1
360 739 1
360 755 1
360 756 1
360 763 1
360 766 1
360 775 1
360 779 1
360 786 1
361 494 1
361 511 1
361 692 1
361 739 1
361 746 1
362 743 1
362 772 1
362 794 1
363 531 1
363 538 1
363 649 1
363 662 1
363 694 1
363 699 1
363 744 1
364 372 1
364 542 1
364 592 1
364 597 1
364 686 1
364 780 1
365 426 1
365 493 1
365 510 1
365 531 1
365 570 1
365 584 1
366 474 1
366 533 1
366 556 1
366 595 1
366 668 1
366 732 1
367 394 1
367 529 1
367 589 1
367 673 1
367 766 1
368 408 1
368 482 1
368 609 1
369 413 1
369 422 1
369 656 1
369 668 1
369 759 1
370 434 1
370 598 1
370 623 1
371 671 1
371 673 1
371 691 1
371 706 1
371 792 1
372 375 1
372 378 1
372 382 1
372 384 1
372 393 1
372 395 1
372 400 1
372 413 1
372 414 1
372 422 1
372 426 1
372 430 1
372 445 1
372 447 1
372 451 1
372 460 1
372 480 1
372 497 1
372 501 1
372 516 1
372 517 1
372 521 1
372 529 1
372 534 1
372 536 1
372 544 1
372 545 1
372 552 1
372 562 1
372 570 1
372 571 1
372 574 1
372 576 1
372 579 1
372 588 1
372 589 1
372 590 1
372 597 1
372 604 1
372 619 1
372 621 1
372 629 1
372 630 1
372 661 1
372 663 1
372 673 1
372 677 1
372 686 1
372 690 1
372 691 1
372 692 1
372 693 1
372 694 1
372 706 1
372 708 1
372 711 1
372 726 1
372 735 1
372 739 1
372 751 1
372 756 1
372 767 1
372 781 1
373 500 1
373 570 1
373 648 1
373 651 1
373 664 1
373 718 1
374 390 1
374 657 1
374 658 1
374 739 1
374 768 1
375 441 1
375 443 1
375 451 1
375 521 1
375 541 1
375 589 1
375 735 1
376 388 1
376 570 1
376 662 1
377 383 1
377 492 1
377 557 1
377 565 1
377 674 1
378 480 1
379 446 1
379 549 1
379 652 1
379 749 1
380 383 1
380 392 1
380 529 1
380 751 1
381 394 1
381 517 1
381 593 1
382 420 1
382 425 1
382 430 1
382 523 1
382 579 1
382 605 1
382 623 1
382 656 1
382 682 1
382 767 1
382 788 1
383 449 1
383 467 1
383 490 1
383 492 1
383 549 1
383 665 1
383 674 1
383 677 1
383 683 1
383 688 1
383 691 1
383 737 1
383 751 1
383 758 1
383 771 1
384 497 1
385 496 1
385 561 1
385 581 1
385 620 1
385 621 1
385 749 1
386 400 1
386 585 1
386 724 1
387 415 1
387 636 1
387 693 1
387 731 1
388 570 1
388 703 1
389 522 1
389 581 1
389 646 1
389 786 1
390 508 1
390 568 1
390 573 1
390 729 1
390 739 1
390 768 1
390 775 1
390 778 1
391 423 1
391 510 1
391 723 1
392 529 1
392 691 1
392 727 1
392 758 1
393 535 1
393 621 1
393 689 1
393 708 1
393 728 1
394 532 1
394 766 1
395 465 1
395 574 1
395 671 1
395 691 1
395 739 1
395 768 1
396 570 1
396 614 1
396 642 1
397 580 1
398 439 1
398 539 1
398 547 1
398 659 1
398 700 1
398 725 1
398 751 1
399 751 1
399 781 1
400 431 1
400 448 1
400 454 1
400 458 1
400 463 1
400 469 1
400 517 1
400 520 1
400 562 1
400 590 1
400 592 1
400 608 1
400 627 1
400 642 1
400 671 1
400 677 1
400 684 1
400 685 1
400 692 1
400 693 1
400 697 1
400 709 1
400 739 1
400 760 1
400 775 1
400 794 1
401 417 1
401 511 1
401 633 1
401 644 1
401 672 1
401 691 1
401 696 1
401 740 1
401 745 1
402 414 1
402 486 1
402 543 1
402 585 1
402 739 1
402 793 1
403 446 1
403 678 1
403 680 1
403 695 1
404 595 1
404 650 1
404 752 1
405 560 1
405 619 1
405 630 1
405 679 1
405 683 1
406 485 1
406 559 1
406 591 1
406 621 1
406 638 1
406 639 1
406 756 1
406 785 1
407 438 1
407 620 1
407 662 1
407 694 1
408 482 1
408 707 1
409 504 1
409 691 1
409 740 1
410 435 1
410 464 1
410 465 1
410 509 1
410 514 1
410 522 1
410 580 1
410 678 1
410 680 1
410 691 1
410 754 1
411 505 1
411 549 1
411 652 1
411 713 1
412 420 1
412 463 1
412 468 1
412 473 1
412 635 1
412 640 1
412 691 1
412 707 1
412 777 1
413 456 1
413 464 1
413 668 1
414 477 1
414 479 1
414 486 1
414 512 1
414 529 1
414 567 1
414 591 1
414 592 1
414 613 1
414 623 1
414 665 1
414 669 1
414 696 1
414 725 1
414 729 1
414 755 1
414 756 1
414 782 1
415 605 1
415 731 1
415 767 1
416 499 1
416 500 1
416 590 1
416 754 1
417 497 1
417 511 1
417 549 1
417 644 1
417 653 1
417 696 1
417 703 1
417 780 1
418 419 1
418 667 1
418 705 1
419 604 1
419 673 1
419 721 1
420 523 1
420 635 1
420 707 1
420 767 1
421 570 1
421 725 1
421 750 1
422 463 1
422 556 1
422 579 1
422 583 1
422 656 1
422 673 1
422 691 1
422 733 1
422 743 1
423 510 1
423 540 1
423 545 1
423 632 1
423 748 1
423 796 1
424 570 1
424 619 1
424 620 1
424 703 1
425 529 1
425 579 1
425 667 1
425 673 1
425 761 1
425 767 1
427 470 1
427 519 1
427 722 1
427 725 1
427 739 1
428 707 1
428 728 1
429 502 1
429 576 1
429 640 1
429 660 1
429 734 1
429 770 1
430 448 1
430 558 1
430 579 1
430 588 1
430 648 1
430 689 1
430 791 1
431 531 1
431 570 1
431 769 1
432 490 1
432 526 1
432 559 1
432 587 1
432 739 1
432 751 1
433 552 1
433 595 1
433 635 1
434 489 1
434 598 1
434 683 1
435 508 1
435 514 1
435 522 1
435 562 1
435 613 1
435 621 1
435 796 1
436 549 1
436 659 1
436 707 1
436 710 1
436 799 1
437 527 1
437 706 1
438 521 1
438 742 1
438 750 1
439 612 1
439 659 1
439 725 1
439 728 1
440 522 1
440 525 1
440 542 1
440 586 1
440 598 1
440 718 1
440 736 1
440 751 1
441 605 1
442 570 1
442 576 1
443 541 1
443 596 1
443 707 1
443 787 1
444 510 1
444 582 1
444 746 1
444 786 1
445 549 1
445 551 1
445 590 1
446 538 1
446 652 1
446 680 1
446 732 1
447 624 1
447 661 1
447 691 1
447 692 1
447 772 1
448 487 1
448 558 1
448 607 1
448 648 1
448 667 1
448 671 1
449 541 1
449 593 1
449 599 1
449 677 1
449 688 1
449 767 1
450 467 1
450 579 1
450 673 1
450 692 1
450 739 1
450 756 1
450 791 1
450 795 1
451 545 1
451 560 1
451 601 1
451 621 1
451 676 1
451 677 1
451 735 1
452 602 1
452 691 1
452 780 1
453 600 1
453 619 1
453 677 1
453 748 1
454 577 1
454 697 1
454 739 1
455 462 1
455 487 1
455 500 1
455 558 1
455 739 1
456 460 1
456 464 1
456 597 1
456 619 1
457 511 1
457 576 1
457 638 1
458 597 1
458 610 1
458 627 1
459 476 1
459 560 1
459 595 1
459 670 1
460 464 1
460 562 1
460 565 1
460 621 1
460 775 1
461 533 1
461 591 1
461 665 1
461 674 1
461 702 1
462 612 1
462 739 1
463 468 1
463 556 1
463 562 1
463 691 1
463 777 1
464 534 1
464 541 1
464 570 1
464 691 1
464 724 1
464 775 1
464 783 1
465 580 1
465 671 1
465 680 1
466 494 1
466 523 1
466 597 1
466 637 1
467 579 1
467 609 1
467 673 1
467 677 1
467 691 1
467 697 1
467 717 1
467 795 1
468 524 1
468 623 1
468 777 1
469 630 1
469 684 1
469 764 1
470 663 1
471 549 1
471 562 1
471 722 1
472 621 1
472 792 1
473 528 1
473 529 1
473 640 1
473 707 1
474 500 1
474 684 1
474 732 1
475 713 1
475 783 1
476 523 1
476 546 1
476 595 1
476 623 1
476 680 1
476 767 1
477 570 1
477 591 1
477 597 1
477 665 1
478 500 1
478 570 1
478 610 1
478 703 1
479 567 1
479 753 1
480 606 1
481 514 1
481 629 1
481 691 1
481 703 1
481 720 1
481 765 1
482 623 1
483 542 1
483 546 1
483 549 1
483 600 1
484 529 1
484 534 1
484 562 1
485 591 1
485 621 1
486 585 1
486 591 1
486 634 1
486 665 1
486 756 1
487 514 1
487 558 1
487 607 1
487 629 1
487 725 1
488 599 1
488 645 1
488 736 1
489 491 1
489 551 1
489 598 1
489 706 1
489 747 1
490 563 1
490 587 1
490 691 1
490 739 1
490 751 1
490 771 1
490 797 1
491 598 1
491 616 1
491 659 1
491 706 1
491 707 1
491 738 1
492 496 1
492 565 1
492 597 1
492 674 1
492 677 1
492 694 1
492 751 1
493 531 1
493 613 1
493 615 1
494 511 1
494 516 1
494 555 1
494 597 1
494 746 1
494 774 1
495 614 1
495 623 1
495 709 1
496 552 1
496 553 1
496 564 1
496 581 1
496 595 1
496 677 1
497 563 1
497 766 1
498 560 1
498 601 1
498 691 1
498 725 1
498 728 1
499 567 1
499 754 1
500 540 1
500 549 1
500 570 1
500 590 1
500 646 1
500 648 1
500 651 1
500 684 1
500 739 1
500 789 1
501 554 1
501 557 1
501 566 1
501 570 1
502 570 1
502 576 1
503 621 1
504 570 1
504 595 1
504 606 1
504 671 1
504 752 1
504 775 1
505 549 1
505 582 1
505 623 1
505 637 1
505 652 1
505 749 1
506 592 1
506 622 1
506 631 1
507 539 1
507 646 1
507 714 1
507 727 1
508 562 1
508 568 1
508 570 1
508 621 1
508 719 1
508 739 1
508 768 1
508 796 1
509 576 1
509 678 1
510 526 1
510 531 1
510 540 1
510 564 1
510 570 1
510 595 1
510 617 1
510 620 1
510 623 1
510 722 1
510 723 1
510 765 1
510 771 1
510 786 1
510 792 1
511 576 1
511 696 1
511 745 1
511 746 1
512 587 1
512 639 1
512 718 1
513 614 1
513 621 1
513 713 1
514 629 1
514 725 1
514 765 1
515 579 1
515 686 1
515 739 1
516 557 1
516 597 1
516 739 1
516 774 1
517 593 1
517 739 1
518 523 1
518 764 1
519 526 1
519 687 1
519 765 1
520 666 1
520 727 1
520 739 1
520 758 1
520 794 1
521 735 1
522 570 1
522 575 1
522 613 1
522 655 1
522 662 1
522 691 1
522 703 1
522 716 1
522 720 1
522 736 1
522 751 1
522 759 1
522 786 1
522 789 1
522 798 1
523 546 1
523 549 1
523 570 1
523 583 1
523 597 1
523 623 1
523 637 1
523 703 1
523 767 1
524 545 1
524 623 1
524 683 1
524 731 1
524 757 1
524 786 1
525 532 1
525 736 1
525 743 1
525 751 1
526 564 1
526 570 1
526 592 1
526 595 1
526 682 1
526 687 1
526 739 1
526 765 1
527 596 1
527 640 1
528 529 1
528 673 1
528 679 1
528 681 1
528 683 1
528 758 1
528 762 1
529 576 1
529 589 1
529 625 1
529 633 1
529 655 1
529 673 1
529 681 1
529 726 1
529 761 1
530 570 1
530 669 1
530 739 1
531 570 1
531 704 1
531 754 1
532 743 1
533 556 1
533 591 1
533 665 1
534 562 1
535 728 1
536 568 1
536 711 1
537 557 1
537 620 1
538 680 1
539 547 1
539 646 1
539 714 1
539 727 1
539 751 1
540 796 1
541 579 1
541 599 1
541 720 1
541 724 1
541 756 1
541 767 1
541 790 1
542 546 1
542 592 1
542 600 1
542 623 1
542 700 1
542 707 1
542 718 1
542 756 1
542 757 1
542 780 1
543 596 1
543 692 1
543 698 1
543 709 1
543 739 1
543 793 1
544 574 1
544 630 1
544 764 1
545 601 1
545 643 1
545 683 1
545 716 1
545 726 1
545 731 1
545 748 1
545 757 1
546 600 1
546 756 1
547 554 1
547 641 1
547 675 1
547 730 1
547 751 1
548 550 1
548 612 1
548 623 1
548 650 1
548 664 1
549 551 1
549 562 1
549 570 1
549 576 1
549 582 1
549 617 1
549 623 1
549 637 1
549 644 1
549 652 1
549 672 1
549 684 1
549 703 1
549 727 1
549 749 1
549 773 1
549 779 1
549 784 1
550 612 1
551 570 1
551 706 1
551 747 1
552 595 1
553 557 1
553 595 1
553 737 1
555 597 1
555 774 1
556 595 1
556 624 1
556 691 1
556 800 1
557 566 1
557 597 1
557 737 1
557 788 1
558 570 1
558 576 1
558 621 1
558 658 1
559 587 1
559 591 1
559 756 1
560 619 1
560 621 1
560 630 1
560 670 1
560 677 1
560 691 1
560 703 1
561 623 1
562 606 1
562 621 1
562 623 1
562 677 1
564 765 1
565 621 1
566 717 1
566 775 1
567 629 1
567 691 1
567 701 1
567 702 1
567 725 1
567 727 1
567 765 1
568 711 1
568 768 1
569 700 1
569 751 1
569 783 1
570 576 1
570 583 1
570 595 1
570 597 1
570 603 1
570 605 1
570 620 1
570 643 1
570 647 1
570 648 1
570 655 1
570 657 1
570 669 1
570 687 1
570 690 1
570 691 1
570 699 1
570 703 1
570 704 1
570 739 1
570 747 1
570 752 1
570 760 1
570 769 1
570 785 1
570 786 1
570 789 1
570 794 1
571 597 1
571 686 1
571 701 1
572 620 1
572 661 1
573 587 1
573 615 1
573 691 1
573 775 1
575 611 1
575 786 1
576 603 1
576 625 1
576 651 1
576 673 1
576 674 1
576 681 1
576 718 1
576 770 1
577 663 1
577 739 1
578 649 1
578 662 1
579 624 1
579 673 1
579 686 1
579 692 1
579 701 1
579 717 1
579 720 1
579 756 1
579 761 1
579 767 1
579 790 1
580 680 1
580 691 1
581 646 1
582 746 1
583 619 1
583 690 1
583 691 1
583 703 1
584 677 1
585 724 1
586 598 1
586 714 1
586 718 1
587 639 1
587 691 1
587 707 1
587 718 1
587 751 1
587 763 1
588 620 1
588 712 1
589 681 1
591 665 1
591 702 1
591 756 1
592 608 1
592 623 1
592 642 1
592 665 1
592 682 1
592 685 1
592 698 1
592 712 1
592 729 1
592 739 1
592 756 1
592 775 1
592 780 1
592 782 1
593 677 1
594 595 1
594 620 1
594 624 1
594 710 1
594 776 1
595 624 1
595 632 1
595 739 1
595 752 1
596 640 1
596 692 1
596 707 1
596 756 1
596 787 1
597 605 1
597 619 1
597 623 1
597 686 1
597 691 1
597 694 1
597 751 1
597 774 1
598 706 1
598 711 1
598 718 1
599 692 1
599 756 1
599 764 1
599 767 1
599 784 1
600 748 1
600 756 1
600 773 1
602 691 1
602 731 1
604 739 1
605 682 1
605 691 1
605 767 1
605 788 1
606 623 1
606 671 1
607 794 1
608 623 1
608 739 1
609 677 1
609 681 1
609 691 1
609 697 1
610 627 1
611 786 1
612 623 1
612 728 1
612 786 1
613 615 1
614 642 1
614 691 1
614 709 1
614 719 1
615 691 1
616 622 1
616 738 1
617 727 1
618 648 1
618 666 1
618 706 1
618 750 1
619 630 1
619 670 1
619 690 1
619 691 1
619 703 1
620 621 1
620 638 1
620 644 1
620 661 1
620 662 1
620 676 1
620 694 1
620 709 1
620 712 1
620 713 1
620 722 1
620 739 1
620 742 1
620 749 1
620 776 1
620 793 1
620 795 1
621 638 1
621 676 1
621 677 1
621 694 1
621 708 1
621 713 1
621 785 1
621 796 1
622 660 1
622 725 1
622 734 1
623 637 1
623 650 1
623 659 1
623 664 1
623 680 1
623 682 1
623 688 1
623 714 1
623 735 1
623 755 1
623 756 1
623 762 1
623 767 1
623 769 1
623 771 1
623 786 1
623 792 1
624 692 1
624 772 1
624 800 1
625 626 1
625 681 1
625 751 1
626 703 1
626 720 1
626 751 1
628 739 1
628 783 1
629 692 1
629 701 1
629 702 1
629 725 1
629 739 1
629 750 1
629 765 1
629 797 1
630 764 1
631 756 1
633 644 1
633 672 1
633 681 1
634 665 1
634 739 1
635 640 1
635 707 1
638 639 1
638 676 1
638 713 1
638 742 1
640 650 1
640 660 1
640 691 1
640 707 1
640 725 1
640 734 1
640 756 1
641 767 1
643 683 1
644 672 1
644 703 1
644 773 1
644 784 1
645 671 1
645 736 1
645 753 1
645 775 1
646 693 1
646 714 1
646 727 1
647 703 1
647 725 1
648 651 1
648 664 1
648 666 1
649 662 1
649 744 1
650 664 1
651 718 1
652 749 1
653 739 1
654 711 1
654 727 1
654 750 1
655 761 1
656 743 1
658 739 1
658 768 1
659 682 1
659 707 1
659 710 1
659 725 1
659 738 1
659 767 1
659 779 1
659 798 1
660 725 1
660 734 1
661 691 1
662 694 1
662 699 1
662 705 1
662 712 1
662 716 1
662 744 1
662 786 1
663 673 1
663 706 1
664 666 1
664 767 1
665 698 1
665 702 1
665 737 1
665 755 1
666 727 1
666 739 1
667 671 1
667 673 1
669 725 1
669 739 1
670 675 1
670 703 1
671 691 1
671 753 1
671 775 1
673 681 1
673 706 1
673 721 1
673 733 1
673 756 1
675 711 1
676 713 1
676 742 1
677 678 1
677 688 1
677 691 1
677 707 1
677 708 1
678 691 1
678 790 1
680 767 1
681 683 1
682 767 1
683 703 1
683 726 1
683 731 1
683 753 1
683 758 1
684 787 1
687 740 1
688 755 1
689 791 1
691 697 1
691 703 1
691 707 1
691 708 1
691 711 1
691 720 1
691 727 1
691 739 1
691 740 1
691 751 1
691 758 1
691 778 1
691 781 1
691 789 1
692 734 1
692 739 1
692 764 1
692 770 1
692 775 1
692 777 1
692 797 1
693 709 1
693 727 1
693 731 1
694 751 1
695 785 1
695 799 1
696 729 1
696 756 1
698 709 1
699 760 1
700 751 1
700 757 1
701 765 1
703 720 1
704 775 1
704 783 1
705 716 1
706 711 1
706 750 1
707 708 1
707 718 1
707 725 1
707 734 1
707 756 1
707 757 1
707 778 1
707 779 1
709 719 1
709 739 1
711 750 1
712 775 1
713 793 1
714 735 1
715 741 1
715 758 1
715 782 1
716 731 1
716 800 1
717 795 1
719 768 1
720 761 1
720 767 1
720 789 1
721 775 1
721 786 1
722 795 1
725 728 1
725 734 1
725 739 1
725 756 1
725 765 1
727 731 1
727 739 1
727 758 1
729 756 1
729 778 1
731 800 1
733 739 1
736 751 1
736 775 1
737 776 1
738 770 1
739 744 1
739 752 1
739 758 1
739 760 1
739 768 1
739 775 1
739 778 1
739 781 1
739 791 1
739 793 1
739 794 1
739 797 1
741 758 1
742 750 1
743 772 1
743 794 1
745 786 1
747 760 1
748 773 1
751 763 1
751 771 1
751 781 1
756 767 1
756 790 1
758 762 1
758 782 1
759 798 1
761 767 1
770 775 1
773 784 1
775 777 1
775 783 1
775 786 1
779 798 1
