2000 4000
1 291 1
1 904 -1
1 1284 -1
1 1703 1
2 860 1
2 920 1
2 1039 1
2 1085 1
3 360 -1
3 452 -1
3 1105 1
3 1434 1
4 42 1
4 166 1
4 198 -1
4 945 1
5 99 1
5 610 -1
5 1454 1
5 1810 -1
6 24 -1
6 561 -1
6 727 -1
6 1666 1
7 679 -1
7 766 1
7 1585 1
7 1955 1
8 202 1
8 238 1
8 701 -1
8 1382 1
9 846 -1
9 1479 -1
9 1722 -1
9 1931 -1
10 178 1
10 203 1
10 209 -1
10 1343 1
11 635 1
11 1166 -1
11 1777 1
11 2000 1
12 298 -1
12 401 1
12 1020 1
12 1208 -1
13 245 -1
13 728 -1
13 774 -1
13 1422 1
14 344 -1
14 429 1
14 658 -1
14 963 1
15 235 -1
15 415 1
15 1346 1
15 1776 -1
16 259 -1
16 771 1
16 1486 1
16 1961 -1
17 64 -1
17 208 -1
17 321 -1
17 1178 1
18 113 1
18 948 1
18 1137 1
18 1954 1
19 151 1
19 655 -1
19 1672 1
19 1846 1
20 389 1
20 446 1
20 1554 1
20 1586 -1
21 63 -1
21 97 1
21 853 1
21 1296 -1
22 176 -1
22 275 1
22 1117 -1
22 1349 -1
23 593 1
23 1178 1
23 1855 -1
23 1974 1
24 959 1
24 992 1
24 1908 -1
25 330 -1
25 625 -1
25 703 -1
25 1701 -1
26 522 -1
26 606 1
26 773 1
26 1959 -1
27 233 1
27 239 -1
27 720 -1
27 820 1
28 146 1
28 809 -1
28 1323 -1
28 1997 1
29 914 1
29 971 -1
29 1185 -1
29 1878 -1
30 671 1
30 761 -1
30 1135 -1
30 1225 1
31 503 1
31 836 1
31 839 1
31 1994 -1
32 150 -1
32 950 -1
32 1588 1
32 1843 -1
33 195 -1
33 362 -1
33 1383 1
33 1394 -1
34 162 -1
34 411 1
34 723 -1
34 775 -1
35 1053 1
35 1263 1
35 1368 1
35 1519 -1
36 225 1
36 312 1
36 367 -1
36 1878 1
37 917 -1
37 1125 1
37 1186 1
37 1560 -1
38 463 1
38 487 -1
38 545 1
38 1408 -1
39 1011 1
39 1154 -1
39 1487 -1
39 1797 -1
40 291 -1
40 1033 1
40 1284 1
40 1852 -1
41 512 1
41 1011 -1
41 1034 -1
41 1797 1
42 141 -1
42 331 -1
42 1537 1
43 277 1
43 324 -1
43 361 1
43 517 -1
44 433 1
44 1083 -1
44 1711 -1
44 1903 1
45 684 1
45 846 1
45 1112 1
45 1892 -1
46 57 -1
46 115 1
46 862 -1
46 1551 1
47 501 1
47 728 1
47 1171 -1
47 1256 -1
48 116 -1
48 346 1
48 1709 -1
48 1840 -1
49 803 1
49 1421 1
49 1468 1
49 1835 1
50 394 1
50 421 -1
50 1483 -1
50 1718 1
51 358 1
51 729 -1
51 897 -1
51 910 1
52 237 1
52 1187 1
52 1918 -1
52 1942 1
53 1163 1
53 1188 -1
53 1290 1
53 1799 1
54 305 -1
54 1261 -1
54 1377 -1
54 1378 -1
55 724 -1
55 997 -1
55 1067 -1
55 1092 -1
56 87 -1
56 532 1
56 985 1
56 1510 1
57 70 1
57 289 1
57 1323 -1
58 715 -1
58 740 -1
58 1450 1
58 1549 -1
59 632 1
59 753 -1
59 1693 -1
59 1934 1
60 202 -1
60 1059 1
60 1196 1
60 1940 -1
61 246 -1
61 1405 -1
61 1559 1
61 1902 1
62 382 -1
62 477 1
62 1113 -1
62 1273 1
63 722 -1
63 1227 1
63 1547 -1
64 274 -1
64 314 1
64 504 -1
65 1257 -1
65 1335 1
65 1540 1
65 1745 1
66 687 -1
66 995 -1
66 1400 -1
66 1674 -1
67 279 -1
67 1037 1
67 1214 -1
67 1285 -1
68 762 1
68 932 -1
68 1358 -1
68 1376 -1
69 1037 -1
69 1285 -1
69 1441 -1
69 1683 -1
70 725 1
70 1086 1
70 1386 -1
71 380 -1
71 564 -1
71 1339 1
71 1808 -1
72 334 -1
72 421 1
72 1345 -1
72 1706 -1
73 85 -1
73 534 1
73 852 1
73 1698 1
74 461 1
74 745 -1
74 1662 -1
74 1983 -1
75 374 -1
75 461 1
75 1759 -1
75 1983 1
76 428 1
76 539 1
76 941 -1
76 1724 1
77 578 -1
77 592 -1
77 1854 1
77 1955 1
78 151 1
78 222 1
78 655 1
78 899 -1
79 679 1
79 877 -1
79 1854 -1
79 1955 -1
80 133 1
80 149 1
80 1614 1
80 1643 1
81 551 1
81 996 -1
81 998 -1
81 1212 1
82 1001 -1
82 1058 1
82 1118 -1
82 1748 -1
83 379 1
83 847 1
83 1445 -1
83 1945 1
84 277 1
84 517 1
84 1167 -1
84 1425 1
85 501 -1
85 611 1
85 1256 -1
86 174 -1
86 176 1
86 1117 1
86 1350 -1
87 1170 -1
87 1660 1
87 1929 1
88 252 -1
88 728 -1
88 774 -1
88 1256 -1
89 654 -1
89 1240 -1
89 1254 1
89 1783 -1
90 162 -1
90 723 1
90 872 1
90 1071 -1
91 167 1
91 906 1
91 1230 -1
91 1503 -1
92 835 -1
92 1159 1
92 1215 -1
92 1960 1
93 551 -1
93 996 1
93 1399 1
93 1935 -1
94 522 -1
94 1055 1
94 1687 -1
94 1959 1
95 1359 -1
95 1369 1
95 1674 -1
95 1697 -1
96 907 1
96 1348 1
96 1773 1
96 1896 1
97 298 1
97 1208 -1
97 1547 1
98 312 -1
98 971 1
98 1262 -1
98 1878 1
99 358 1
99 613 -1
99 1603 1
100 163 1
100 1021 1
100 1544 1
100 1770 1
101 127 -1
101 201 -1
101 1193 -1
101 1583 1
102 168 -1
102 672 1
102 718 -1
102 1283 1
103 686 -1
103 1306 1
103 1513 1
103 1795 1
104 168 1
104 353 1
104 758 -1
104 1283 -1
105 732 -1
105 881 1
105 1004 1
105 1327 1
106 370 1
106 1743 1
106 1805 -1
106 1981 -1
107 567 1
107 882 -1
107 1791 -1
107 1884 -1
108 481 -1
108 503 -1
108 839 1
108 1364 1
109 244 -1
109 370 -1
109 855 -1
109 1805 -1
110 955 -1
110 1064 -1
110 1141 1
110 1935 -1
111 966 -1
111 1342 -1
111 1396 1
111 1992 1
112 860 -1
112 934 1
112 981 1
112 1192 1
113 343 -1
113 1154 -1
113 1719 1
114 304 -1
114 422 1
114 1013 -1
114 1705 -1
115 809 -1
115 1068 -1
115 1323 1
116 145 -1
116 1755 1
116 1839 -1
117 1635 1
117 1744 1
117 1780 1
117 1815 -1
118 497 -1
118 583 -1
118 1581 -1
118 1866 1
119 717 1
119 923 1
119 1095 1
119 1820 -1
120 544 -1
120 1096 -1
120 1305 1
120 1355 -1
121 145 -1
121 812 -1
121 1135 -1
121 1839 1
122 207 -1
122 317 1
122 837 -1
122 1552 -1
123 1767 -1
123 1811 1
123 1891 -1
123 1973 -1
124 205 -1
124 1204 1
124 1253 -1
124 1950 1
125 720 1
125 1052 -1
125 1281 1
125 1610 -1
126 347 -1
126 962 -1
126 1074 1
126 1708 1
127 187 -1
127 629 1
127 1973 1
128 326 -1
128 801 -1
128 1223 1
128 1418 -1
129 299 1
129 1062 1
129 1690 -1
129 1943 -1
130 540 -1
130 955 1
130 1141 1
130 1446 1
131 194 -1
131 349 -1
131 1530 -1
131 1732 1
132 1067 -1
132 1092 -1
132 1263 1
132 1845 -1
133 1406 -1
133 1834 -1
133 1940 -1
134 260 -1
134 442 1
134 909 -1
134 1860 -1
135 1195 1
135 1726 1
135 1754 1
135 1911 1
136 279 -1
136 670 1
136 1214 1
136 1357 -1
137 196 -1
137 439 1
137 874 1
137 896 1
138 793 -1
138 898 1
138 1888 -1
138 1917 1
139 853 -1
139 1240 -1
139 1783 -1
139 1926 -1
140 381 1
140 458 -1
140 480 -1
140 816 1
141 488 1
141 1321 1
141 1971 -1
142 470 -1
142 652 1
142 726 1
142 901 1
143 1054 1
143 1328 -1
143 1502 1
143 1760 -1
144 302 1
144 777 1
144 1682 -1
144 1907 1
145 1709 -1
145 1910 -1
146 565 1
146 1386 -1
146 1713 -1
147 562 1
147 1072 -1
147 1417 1
147 1468 -1
148 1098 -1
148 1378 1
148 1495 -1
148 1524 -1
149 418 1
149 1704 1
149 1834 1
150 253 -1
150 631 -1
150 810 1
151 199 1
151 239 -1
152 393 1
152 956 1
152 1390 1
152 1508 1
153 290 -1
153 1277 -1
153 1567 -1
153 1831 1
154 182 -1
154 568 1
154 1031 1
154 1470 -1
155 709 -1
155 721 1
155 768 1
155 1648 1
156 429 -1
156 963 1
156 1293 -1
156 1525 1
157 431 -1
157 595 -1
157 638 1
157 1269 -1
158 237 1
158 311 1
158 694 -1
158 1918 1
159 444 1
159 1115 1
159 1374 1
159 1684 1
160 187 -1
160 826 1
160 1891 1
160 1973 1
161 1250 -1
161 1611 1
161 1733 1
161 1964 -1
162 894 1
162 1022 -1
163 574 1
163 1209 1
163 1592 -1
164 1241 1
164 1432 1
164 1548 1
164 1628 -1
165 857 1
165 927 1
165 1487 -1
165 1500 -1
166 331 1
166 1757 1
166 1924 -1
167 171 -1
167 554 -1
167 1390 -1
168 275 1
168 1574 -1
169 475 -1
169 535 1
169 994 -1
169 1024 -1
170 326 -1
170 809 1
170 831 -1
170 1997 -1
171 587 -1
171 1230 1
171 1292 -1
172 313 -1
172 1053 1
172 1067 -1
172 1263 -1
173 857 -1
173 1154 -1
173 1487 1
173 1719 1
174 651 1
174 1152 1
174 1773 -1
175 787 -1
175 1236 -1
175 1813 -1
175 1938 -1
176 1687 1
176 1959 -1
177 525 1
177 677 -1
177 724 1
177 1772 1
178 205 -1
178 1176 -1
178 1950 -1
179 709 -1
179 947 1
179 1746 1
179 1809 1
180 616 1
180 834 1
180 1157 1
180 1211 -1
181 501 -1
181 611 1
181 839 1
181 1364 1
182 489 1
182 756 -1
182 784 -1
183 884 -1
183 1289 -1
183 1461 -1
183 1497 1
184 597 1
184 1476 -1
184 1484 1
184 1522 -1
185 435 1
185 1639 -1
185 1643 -1
185 1991 1
186 633 1
186 845 -1
186 1164 -1
186 1602 1
187 714 -1
187 833 -1
188 1110 1
188 1571 -1
188 1599 -1
188 1857 1
189 296 1
189 516 -1
189 880 -1
189 1823 1
190 751 -1
190 1222 1
190 1235 1
190 1829 -1
191 225 -1
191 312 1
191 1046 1
191 1375 -1
192 537 1
192 1158 -1
192 1371 1
192 1436 1
193 322 1
193 1513 1
193 1767 1
193 1874 1
194 630 1
194 1336 -1
194 1712 1
195 704 1
195 1540 1
195 1877 1
196 425 -1
196 627 -1
196 1089 -1
197 285 1
197 315 -1
197 855 -1
197 1521 -1
198 387 -1
198 778 1
198 1537 1
199 222 1
199 838 1
199 1503 -1
200 457 1
200 659 -1
200 1334 -1
200 1542 1
201 451 -1
201 594 1
201 629 -1
202 974 1
202 1245 -1
203 876 1
203 1730 1
203 1740 1
204 396 -1
204 589 1
204 1669 1
204 1699 -1
205 209 -1
205 961 1
206 296 -1
206 513 1
206 516 -1
206 622 1
207 1079 -1
207 1545 1
207 1848 1
208 270 1
208 482 -1
208 1601 1
209 1634 1
209 1740 -1
210 917 -1
210 988 1
210 1560 -1
210 1988 -1
211 747 1
211 1156 1
211 1841 -1
211 1986 1
212 581 -1
212 890 -1
212 1008 1
212 1671 -1
213 885 1
213 1235 1
213 1606 1
213 1699 -1
214 1041 -1
214 1044 1
214 1407 -1
214 1614 -1
215 565 -1
215 936 -1
215 1475 1
215 1889 -1
216 1013 1
216 1404 1
216 1705 1
216 1869 1
217 948 -1
217 1137 -1
217 1790 -1
217 1977 -1
218 559 -1
218 670 -1
218 1016 -1
218 1214 -1
219 229 1
219 378 -1
219 1447 -1
219 1695 -1
220 601 1
220 1294 1
220 1619 -1
220 1646 -1
221 231 1
221 925 -1
221 1608 -1
221 1999 1
222 325 1
222 1835 1
223 716 -1
223 1723 -1
223 1766 -1
223 1807 -1
224 665 -1
224 1720 1
224 1749 1
224 1764 -1
225 466 1
225 1778 1
226 568 -1
226 1429 -1
226 1652 -1
226 1725 -1
227 604 1
227 766 -1
227 1501 1
227 1585 1
228 344 1
228 602 1
228 963 -1
228 1778 -1
229 904 -1
229 1284 -1
229 1415 -1
230 1169 -1
230 1405 1
230 1559 -1
230 1786 1
231 287 1
231 474 -1
231 924 1
232 346 1
232 520 -1
232 1027 1
232 1709 -1
233 1469 1
233 1627 1
233 1846 1
234 547 1
234 748 -1
234 888 -1
234 1676 -1
235 719 1
235 943 -1
235 1123 -1
236 505 -1
236 1015 1
236 1315 1
236 1830 1
237 404 1
237 1528 1
238 814 1
238 1014 -1
238 1736 1
239 838 1
239 1846 1
240 876 -1
240 1282 -1
240 1605 -1
240 1730 -1
241 842 -1
241 973 -1
241 1363 -1
241 1584 1
242 387 1
242 535 -1
242 778 -1
242 994 -1
243 677 1
243 1024 -1
243 1772 -1
243 1838 -1
244 413 1
244 467 -1
244 1145 1
245 589 1
245 819 1
245 1669 -1
246 372 1
246 1316 -1
246 1361 1
247 334 -1
247 1218 -1
247 1462 -1
247 1706 1
248 407 -1
248 682 1
248 1821 -1
248 1990 -1
249 499 1
249 1097 -1
249 1220 -1
249 1520 1
250 790 -1
250 1093 1
250 1447 -1
250 1695 1
251 326 1
251 616 1
251 1223 1
251 1997 -1
252 534 1
252 1249 1
252 1604 -1
253 271 1
253 513 -1
253 950 -1
254 479 1
254 571 -1
254 692 -1
254 1063 -1
255 656 1
255 689 -1
255 713 1
255 1426 1
256 299 -1
256 476 -1
256 1062 1
256 1879 1
257 373 -1
257 436 1
257 472 1
257 1328 -1
258 624 1
258 890 -1
258 1008 1
258 1937 1
259 1490 -1
259 1580 1
259 1621 1
260 1392 -1
260 1402 -1
260 1995 1
261 278 -1
261 1084 -1
261 1631 -1
261 1894 -1
262 918 -1
262 1131 -1
262 1190 -1
262 1347 1
263 445 1
263 977 -1
263 1073 1
263 1868 -1
264 705 -1
264 919 1
264 1728 1
264 1901 1
265 448 -1
265 1529 -1
265 1781 -1
265 1847 1
266 437 -1
266 886 1
266 1410 1
266 1593 -1
267 455 1
267 579 -1
267 1003 1
267 1121 1
268 1176 -1
268 1545 -1
268 1848 1
268 1950 1
269 394 1
269 502 -1
269 530 1
269 1721 -1
270 914 1
270 1116 1
270 1298 1
271 810 1
271 1875 -1
271 1998 1
272 501 1
272 836 1
272 839 -1
272 1171 -1
273 521 -1
273 1039 1
273 1085 -1
273 1975 1
274 593 -1
274 1178 1
274 1622 1
275 718 1
275 907 -1
276 666 1
276 992 1
276 1863 1
276 1908 1
277 1113 -1
277 1273 1
278 279 1
278 362 -1
278 1037 -1
279 557 -1
280 435 -1
280 1077 1
280 1412 -1
280 1816 -1
281 364 1
281 1303 -1
281 1666 -1
281 1685 -1
282 439 -1
282 874 1
282 877 1
282 1854 1
283 399 1
283 602 -1
283 1800 1
283 1824 1
284 425 1
284 1089 -1
284 1162 -1
284 1535 1
285 467 1
285 1248 1
285 1354 -1
286 490 -1
286 526 -1
286 1933 -1
286 1953 -1
287 378 -1
287 925 -1
287 1695 1
288 640 1
288 770 1
288 1265 1
288 1481 -1
289 725 1
289 1136 -1
289 1551 1
290 453 -1
290 527 -1
290 891 1
291 546 -1
291 989 -1
292 426 1
292 447 1
292 1714 1
292 1733 -1
293 618 1
293 827 1
293 1172 1
293 1649 1
294 876 -1
294 1282 -1
294 1664 -1
294 1921 -1
295 821 1
295 829 -1
295 887 1
295 1119 1
296 869 1
296 1047 1
297 926 1
297 1043 -1
297 1046 -1
297 1438 -1
298 736 1
298 976 1
299 1711 -1
299 1903 1
300 993 -1
300 1087 1
300 1515 1
300 1791 -1
301 782 -1
301 964 1
301 1332 -1
301 1361 1
302 378 1
302 925 -1
302 1413 1
303 413 1
303 947 -1
303 1145 1
303 1746 1
304 850 -1
304 1876 -1
304 1923 1
305 763 1
305 1320 -1
305 1758 1
306 424 1
306 453 1
306 527 1
306 1922 1
307 585 1
307 1023 1
307 1822 1
307 1872 -1
308 547 1
308 748 1
308 904 1
308 1415 1
309 1188 -1
309 1290 -1
309 1599 1
309 1857 1
310 457 1
310 673 1
310 1094 1
310 1943 1
311 368 1
311 404 -1
311 1342 1
312 752 -1
313 745 1
313 1370 1
313 1600 -1
314 321 -1
314 868 1
314 1353 -1
315 610 -1
315 1248 1
315 1454 -1
316 1263 1
316 1449 -1
316 1519 1
316 1845 1
317 404 1
317 966 -1
317 1342 1
318 810 -1
318 958 1
318 1304 -1
318 1998 1
319 579 1
319 975 1
319 1121 1
319 1963 1
320 741 -1
320 857 1
320 1042 1
320 1719 1
321 482 1
321 664 -1
322 598 -1
322 1335 -1
322 1745 1
323 356 -1
323 954 -1
323 1252 -1
323 1337 1
324 570 1
324 650 -1
324 942 -1
325 906 -1
325 1503 1
325 1788 -1
326 1906 -1
327 443 1
327 536 -1
327 836 1
327 1994 1
328 494 1
328 732 -1
328 1430 1
328 1548 -1
329 620 -1
329 1139 1
329 1173 -1
329 1363 1
330 483 1
330 1289 -1
330 1461 -1
331 1015 1
331 1971 -1
332 649 -1
332 916 1
332 1303 -1
332 1676 -1
333 556 -1
333 785 1
333 970 -1
333 1684 1
334 1281 -1
334 1815 -1
335 409 -1
335 813 1
335 1038 1
335 1946 -1
336 442 -1
336 1161 1
336 1738 -1
336 1856 -1
337 473 -1
337 657 -1
337 949 1
337 1401 -1
338 375 1
338 427 -1
338 712 -1
338 1558 -1
339 438 -1
339 1132 -1
339 1372 1
339 1399 1
340 374 1
340 800 1
340 1759 1
340 1904 1
341 529 1
341 706 1
341 1066 -1
341 1427 -1
342 666 -1
342 1181 -1
342 1543 -1
342 1863 -1
343 935 1
343 1821 1
343 1954 1
344 465 -1
344 1395 1
345 393 1
345 554 -1
345 1018 1
345 1390 1
346 679 1
346 877 1
347 918 1
347 1490 1
347 1580 -1
348 459 1
348 1626 1
348 1769 -1
348 1897 1
349 632 -1
349 1707 -1
349 1712 1
350 864 -1
350 983 -1
350 1022 -1
350 1213 1
351 474 1
351 924 1
351 1338 1
351 1632 -1
352 786 -1
352 1062 -1
352 1318 -1
352 1690 1
353 376 -1
353 643 1
353 1574 1
354 885 1
354 1059 -1
354 1566 -1
354 1606 -1
355 733 1
355 1800 -1
355 1824 1
355 1946 -1
356 1530 -1
356 1787 -1
356 1887 -1
357 715 1
357 1278 1
357 1450 -1
357 1506 -1
358 459 -1
358 1653 1
359 440 1
359 980 1
359 1632 1
359 1761 -1
360 437 1
360 981 -1
360 1192 -1
361 650 -1
361 702 1
361 1273 -1
362 557 -1
362 1894 -1
363 683 1
363 739 1
363 757 1
363 1625 -1
364 423 -1
364 462 1
364 1504 1
365 395 -1
365 670 1
365 1019 -1
365 1357 1
366 527 1
366 1138 -1
366 1862 1
366 1922 -1
367 963 1
367 1293 -1
367 1778 1
368 694 -1
368 1514 -1
368 1961 1
369 646 -1
369 682 1
369 935 1
369 1821 1
370 1479 -1
370 1680 1
371 562 1
371 1018 -1
371 1414 1
371 1673 1
372 933 -1
372 1195 1
372 1717 1
373 750 -1
373 920 1
373 1590 -1
374 1030 -1
374 1802 -1
375 436 1
375 1080 -1
375 1367 -1
376 758 1
376 1489 -1
376 1556 -1
377 770 1
377 815 1
377 1481 -1
377 1928 1
378 1415 1
379 428 -1
379 941 1
379 1604 1
380 499 1
380 1220 -1
380 1595 -1
381 457 -1
381 659 -1
381 1094 -1
382 977 -1
382 1073 1
382 1977 1
383 850 1
383 1103 -1
383 1591 1
383 1876 1
384 524 1
384 847 -1
384 1217 -1
384 1945 -1
385 1396 -1
385 1428 -1
385 1671 1
385 1992 1
386 672 -1
386 707 -1
386 1283 1
386 1779 1
387 945 -1
387 1587 -1
388 940 1
388 1206 -1
388 1322 -1
388 1469 -1
389 559 1
389 1016 1
389 1127 1
390 456 -1
390 742 1
390 930 1
390 1972 -1
391 419 -1
391 760 -1
391 1795 -1
391 1870 -1
392 430 -1
392 827 -1
392 1189 1
392 1360 -1
393 1369 -1
393 1697 -1
394 1051 -1
394 1460 -1
395 815 1
395 892 1
395 1794 -1
396 515 -1
396 1014 -1
396 1482 1
397 671 1
397 1184 -1
397 1225 -1
397 1434 1
398 460 -1
398 511 1
398 744 -1
398 928 -1
399 825 -1
399 1043 -1
399 1919 1
400 1428 1
400 1624 1
400 1978 1
400 1992 1
401 543 1
401 772 -1
401 976 -1
402 844 -1
402 978 1
402 1114 1
402 1430 1
403 612 -1
403 1318 -1
403 1334 1
403 1690 -1
404 837 1
405 591 -1
405 600 -1
405 731 1
405 1979 -1
406 752 -1
406 1126 -1
406 1309 1
406 1423 1
407 628 -1
407 1526 1
407 1727 -1
408 1081 1
408 1441 -1
408 1683 -1
408 1729 -1
409 806 1
409 909 -1
409 1860 -1
410 681 1
410 1197 1
410 1543 1
410 1737 1
411 862 -1
411 870 -1
411 965 1
412 494 -1
412 978 -1
412 1392 -1
412 1430 1
413 644 -1
413 1805 -1
414 519 1
414 755 1
414 1198 1
414 1339 1
415 943 -1
415 1626 1
415 1897 1
416 1466 1
416 1544 1
416 1615 1
416 1770 -1
417 452 -1
417 1105 -1
417 1555 1
417 1784 1
418 1005 -1
418 1444 1
418 1562 1
419 432 -1
419 927 -1
419 1228 1
420 529 -1
420 706 -1
420 1207 -1
420 1217 -1
421 1109 1
421 1460 -1
422 691 1
422 1353 -1
422 1923 1
423 748 1
423 904 1
423 1703 -1
424 866 1
424 1199 1
424 1443 1
425 968 -1
425 1565 -1
426 1133 -1
426 1538 -1
426 1851 1
427 958 1
427 1502 -1
427 1679 -1
428 847 1
428 1048 -1
429 1317 -1
429 1882 1
430 1049 -1
430 1101 -1
430 1313 -1
431 1069 -1
431 1275 -1
431 1374 1
432 1111 -1
432 1168 1
432 1870 -1
433 672 -1
433 673 1
433 707 1
434 873 1
434 983 -1
434 1242 1
434 1763 1
435 1355 1
435 1656 1
436 712 -1
436 750 1
437 452 -1
437 1416 -1
438 1001 -1
438 1058 -1
438 1912 1
439 627 1
439 1840 1
440 630 -1
440 637 1
440 1234 -1
441 710 -1
441 733 1
441 734 1
441 1800 1
442 1575 1
442 1995 1
443 1076 -1
443 1616 1
443 1916 1
444 638 1
444 872 -1
444 1071 -1
445 741 -1
445 808 -1
445 1228 -1
446 665 1
446 1127 1
446 1764 1
447 607 1
447 1550 1
447 1930 1
448 510 1
448 1163 1
448 1290 -1
449 579 1
449 646 -1
449 682 1
449 975 -1
450 608 -1
450 1120 -1
450 1180 -1
450 1500 1
451 995 -1
451 1359 -1
451 1674 -1
452 1593 -1
453 866 1
453 1032 -1
454 573 1
454 818 -1
454 886 1
454 1593 -1
455 575 -1
455 628 1
455 1727 -1
456 1025 1
456 1308 -1
456 1900 1
457 1182 -1
458 519 1
458 1198 -1
458 1629 1
459 613 -1
459 729 -1
460 709 1
460 768 1
460 1809 -1
461 1053 1
461 1368 -1
462 748 -1
462 1303 1
462 1676 -1
463 468 -1
463 596 1
463 1588 1
464 719 -1
464 943 -1
464 954 -1
464 1252 -1
465 658 -1
465 734 -1
465 1260 1
466 1043 1
466 1046 -1
466 1919 -1
467 484 -1
467 855 1
468 631 -1
468 863 -1
468 1607 1
469 540 -1
469 678 1
469 1141 -1
469 1989 1
470 845 -1
470 1498 -1
470 1941 -1
471 1106 -1
471 1435 1
471 1552 1
471 1976 -1
472 528 -1
472 1410 -1
472 1590 -1
473 956 -1
473 1508 -1
473 1658 1
474 1531 1
474 1999 -1
475 745 1
475 1370 -1
475 1662 -1
476 937 1
476 1903 1
476 1996 1
477 1790 1
477 1861 -1
477 1977 1
478 776 1
478 804 1
478 922 1
478 1511 -1
479 1148 1
479 1707 1
479 1712 1
480 1094 1
480 1198 -1
480 1775 -1
481 848 1
481 1325 1
481 1932 -1
482 914 1
482 971 -1
483 703 -1
483 722 1
483 1291 -1
484 746 -1
484 1145 -1
484 1354 -1
485 1038 1
485 1650 -1
485 1750 -1
485 1762 1
486 564 -1
486 1352 1
486 1523 1
486 1808 -1
487 1588 -1
487 1843 -1
487 1867 1
488 490 1
488 923 1
488 1537 -1
489 1102 1
489 1640 1
489 1895 -1
490 1244 -1
490 1388 -1
491 709 -1
491 721 -1
491 929 1
491 947 1
492 1224 -1
492 1477 1
492 1864 -1
492 1873 1
493 1219 -1
493 1485 1
493 1667 1
493 1761 1
494 1582 -1
494 1618 -1
495 547 -1
495 888 1
495 1527 -1
495 1907 1
496 622 1
496 1101 -1
496 1179 -1
496 1578 -1
497 1007 1
497 1213 -1
497 1409 -1
498 782 1
498 800 -1
498 1332 1
498 1904 -1
499 1088 -1
499 1808 -1
500 763 -1
500 1476 1
500 1522 1
500 1758 1
502 715 -1
502 1051 1
502 1506 1
503 905 -1
503 1325 1
504 691 1
504 1353 -1
504 1622 -1
505 1247 1
505 1746 -1
505 1809 1
506 620 -1
506 1363 -1
506 1584 -1
506 1893 -1
507 1215 -1
507 1818 -1
507 1926 1
507 1960 1
508 1253 -1
508 1261 -1
508 1377 1
508 1914 1
509 675 1
509 962 1
509 1424 -1
509 1510 1
510 1202 1
510 1266 1
510 1847 1
511 738 -1
511 1149 -1
511 1820 1
512 996 -1
512 998 -1
512 1144 -1
513 987 1
513 1875 -1
514 953 -1
514 1129 -1
514 1486 1
514 1982 -1
515 701 -1
515 1606 1
515 1699 1
516 987 -1
516 1756 -1
517 570 1
517 789 1
518 1050 -1
518 1204 -1
518 1253 1
518 1914 -1
519 865 1
519 1411 1
520 679 1
520 766 1
520 1952 1
521 968 -1
521 1755 1
521 1839 -1
522 1107 1
522 1576 -1
523 761 -1
523 1065 1
523 1090 -1
523 1597 -1
524 711 -1
524 1134 -1
524 1859 1
525 700 1
525 856 1
525 910 -1
526 905 1
526 1325 -1
526 1388 -1
527 1831 1
528 1054 1
528 1255 -1
528 1328 1
529 1825 1
529 1883 1
530 1451 1
530 1460 -1
530 1744 -1
531 999 1
531 1311 1
531 1324 1
531 1739 1
532 1006 -1
532 1110 1
532 1571 -1
533 603 1
533 765 1
533 1655 1
533 1691 1
534 1256 1
534 1445 -1
535 1587 -1
535 1662 -1
536 895 1
536 1331 -1
536 1916 1
537 1070 1
537 1147 -1
537 1693 1
538 1098 -1
538 1377 1
538 1378 -1
538 1634 1
539 807 -1
539 824 -1
539 1048 1
540 1458 -1
540 1644 -1
541 781 -1
541 844 -1
541 978 1
541 991 1
542 1351 1
542 1507 1
542 1832 -1
542 1993 -1
543 1020 1
543 1122 -1
543 1194 -1
544 779 -1
544 889 1
544 1774 1
545 993 1
545 1867 1
545 1958 1
546 561 1
546 1108 -1
546 1703 1
547 1413 1
548 678 1
548 875 -1
548 1310 -1
548 1658 1
549 681 -1
549 835 1
549 1737 1
549 1960 1
550 640 -1
550 742 -1
550 1265 -1
550 1972 -1
551 902 1
551 1665 -1
552 607 1
552 1425 -1
552 1686 1
552 1965 -1
553 990 1
553 1505 -1
553 1645 -1
553 1949 -1
554 906 1
554 1573 -1
555 680 1
555 764 1
555 777 1
555 1387 1
556 1188 1
556 1488 -1
556 1857 1
557 1357 -1
557 1394 1
558 1201 1
558 1633 -1
558 1655 1
558 1691 1
559 1118 -1
559 1748 1
560 641 1
560 764 -1
560 777 -1
560 1682 1
561 1504 -1
561 1577 -1
562 639 1
562 1573 1
563 658 1
563 798 -1
563 944 1
563 1260 1
564 865 -1
564 1689 1
565 660 1
565 834 1
566 913 -1
566 1186 -1
566 1539 -1
566 1611 1
567 1056 -1
567 1620 1
567 1645 1
568 756 -1
568 938 1
569 1612 1
569 1821 1
569 1954 -1
569 1990 -1
570 898 1
570 1917 -1
571 630 1
571 637 -1
571 1712 -1
572 1513 1
572 1795 1
572 1870 1
572 1874 1
573 1319 -1
573 1555 -1
573 1882 1
574 1021 1
574 1827 1
574 1868 1
575 823 1
575 1003 -1
575 1010 -1
576 1196 -1
576 1406 -1
576 1581 -1
576 1940 -1
577 610 1
577 1248 1
577 1467 -1
577 1985 1
578 1270 -1
578 1384 1
578 1437 1
579 1727 1
580 970 1
580 1099 1
580 1115 1
580 1684 1
581 669 1
581 676 1
581 1637 1
582 957 -1
582 1023 1
582 1419 1
582 1872 -1
583 1041 1
583 1044 -1
583 1763 -1
584 750 -1
584 920 1
584 1085 -1
584 1657 1
585 902 -1
585 1205 1
585 1665 -1
586 1187 1
586 1348 -1
586 1373 1
586 1896 -1
587 956 1
587 984 1
587 1390 1
588 916 1
588 1104 1
588 1303 -1
588 1685 1
589 774 -1
589 1482 1
590 883 1
590 1502 1
590 1679 1
590 1760 1
591 655 -1
591 1672 -1
591 1939 1
592 1437 1
592 1538 1
592 1851 1
593 1352 -1
593 1523 1
594 1193 -1
594 1359 -1
594 1389 1
595 1007 1
595 1026 1
595 1275 -1
596 1408 -1
596 1607 1
596 1980 -1
597 1576 -1
597 1591 -1
597 1640 -1
598 1301 -1
598 1767 1
598 1891 1
599 1218 1
599 1627 -1
599 1785 1
599 1853 1
600 1675 -1
600 1701 -1
600 1812 1
601 753 1
601 878 -1
601 1934 -1
602 1395 1
602 1919 1
603 951 1
603 1729 1
603 1849 1
604 1456 1
604 1650 1
604 1750 1
605 1140 1
605 1177 1
605 1246 -1
605 1879 -1
606 1576 1
606 1640 1
606 1895 1
607 1654 -1
607 1714 1
608 998 -1
608 1212 1
608 1251 1
609 967 1
609 979 1
609 1257 -1
609 1681 -1
610 1901 -1
611 1698 -1
611 1768 -1
612 926 1
612 1438 -1
612 1516 1
613 1769 -1
613 1810 -1
614 621 1
614 798 -1
614 818 1
614 886 1
615 775 -1
615 1271 -1
615 1553 1
615 1806 1
616 696 1
616 1713 1
617 700 1
617 729 -1
617 910 1
617 1776 1
618 879 -1
618 1448 -1
618 1909 1
619 967 1
619 979 1
619 1209 -1
619 1987 -1
620 681 -1
620 835 1
621 1054 -1
621 1255 1
621 1385 1
622 869 -1
622 1875 1
623 1060 1
623 1326 1
623 1509 -1
623 1915 1
624 799 1
624 1529 -1
624 1801 -1
625 840 -1
625 1226 1
625 1480 1
626 691 1
626 805 1
626 1622 1
626 1751 -1
627 968 1
627 1755 1
628 1010 1
628 1264 1
629 833 -1
629 995 1
630 980 1
631 1029 -1
631 1588 1
632 1436 1
632 1732 -1
633 663 1
633 739 1
633 757 -1
634 767 -1
634 1663 -1
634 1838 -1
634 1844 -1
635 697 1
635 1850 1
635 1880 1
636 903 1
636 1151 1
636 1278 1
636 1506 1
637 692 -1
637 1678 1
638 864 1
638 1374 -1
639 795 -1
639 1417 1
639 1673 -1
640 802 1
640 823 1
641 719 1
641 1252 1
641 1608 -1
642 1066 -1
642 1427 -1
642 1774 -1
642 1885 -1
643 1373 1
643 1489 -1
643 1896 1
644 929 -1
644 947 1
644 1753 1
645 779 -1
645 1210 1
645 1774 1
645 1885 1
646 1034 1
646 1797 -1
647 673 1
647 707 -1
647 1094 1
647 1775 1
648 710 1
648 841 -1
648 1448 1
648 1456 -1
649 1559 1
649 1742 -1
649 1786 -1
650 1021 -1
650 1544 1
651 668 -1
651 794 -1
651 1350 1
652 746 -1
652 1354 1
652 1498 1
653 1451 1
653 1635 -1
653 1642 1
653 1744 1
654 792 1
654 1237 -1
654 1716 -1
655 1979 1
656 1131 1
656 1347 1
656 1546 -1
657 956 -1
657 984 1
657 1630 1
658 1317 1
659 816 -1
659 1738 -1
660 1086 -1
660 1386 1
660 1475 -1
661 821 -1
661 863 -1
661 1607 1
661 1966 1
662 1152 1
662 1348 1
662 1534 -1
662 1773 -1
663 893 -1
663 1030 1
663 1164 -1
664 868 -1
664 971 1
664 1262 1
665 1307 -1
665 1458 -1
666 1584 -1
666 1893 -1
667 816 -1
667 1161 1
667 1300 -1
667 1738 -1
668 936 1
668 1152 1
668 1889 -1
669 1050 -1
669 1459 1
669 1499 -1
670 1118 -1
671 934 1
671 981 1
672 1083 -1
673 1711 1
674 706 1
674 985 -1
674 1302 1
674 1427 -1
675 1491 -1
675 1580 -1
675 1621 -1
676 828 -1
676 1008 -1
676 1499 1
677 856 -1
677 1589 1
678 939 1
678 949 1
680 1092 -1
680 1123 1
680 1845 1
681 1893 1
682 1727 1
683 1100 -1
683 1802 1
683 1819 -1
684 1035 -1
684 1331 -1
684 1771 1
685 831 1
685 1496 1
685 1553 1
685 1806 -1
686 1120 -1
686 1180 1
686 1474 1
687 1710 1
687 1849 1
687 1957 -1
688 730 -1
688 1051 1
688 1151 1
688 1506 1
689 1311 -1
689 1546 -1
689 1944 -1
690 753 -1
690 1070 -1
690 1693 1
690 1694 -1
691 1705 1
692 1159 -1
692 1457 1
693 914 -1
693 1116 -1
693 1185 1
693 1319 -1
694 1492 -1
694 1638 1
695 1138 -1
695 1417 -1
695 1421 1
695 1468 1
696 1157 1
696 1223 1
696 1329 -1
697 1156 -1
697 1789 1
697 1841 -1
698 859 -1
698 1124 -1
698 1270 1
698 1437 1
699 1138 -1
699 1421 1
699 1480 -1
699 1922 1
700 724 1
700 997 1
701 974 -1
701 1014 1
702 1021 1
702 1073 -1
702 1868 1
703 840 -1
703 1239 1
704 1362 1
704 1394 -1
704 1557 1
705 1330 -1
705 1467 -1
705 1694 1
706 1134 -1
707 1677 -1
708 883 1
708 1172 -1
708 1760 -1
708 1782 -1
710 1905 1
710 1968 -1
711 847 1
711 1048 1
711 1837 -1
712 1328 -1
712 1502 1
713 1347 -1
713 1496 -1
713 1806 -1
714 826 1
714 1081 -1
714 1441 -1
715 1721 -1
716 1219 1
716 1227 1
716 1667 -1
717 848 -1
717 1325 1
717 1388 -1
718 1083 -1
718 1349 -1
719 764 1
720 838 1
720 1462 1
721 1222 -1
721 1814 1
722 1239 -1
722 1807 -1
723 870 1
723 912 -1
724 1600 -1
725 1286 -1
725 1518 1
726 845 1
726 1602 -1
726 1985 1
727 1561 -1
727 1577 -1
727 1908 1
728 1012 -1
729 1626 1
730 743 1
730 1194 1
730 1718 -1
731 780 -1
731 1812 -1
731 1939 -1
732 1478 -1
732 1582 1
733 1670 1
733 1905 1
734 1395 -1
734 1968 1
735 1306 -1
735 1513 -1
735 1767 1
735 1811 1
736 866 1
736 1443 -1
736 1547 -1
737 1220 -1
737 1520 -1
737 1730 1
737 1740 -1
738 744 -1
738 1765 1
738 1969 1
739 1030 1
739 1802 1
740 1570 1
740 1721 1
740 1817 1
741 977 1
741 1536 -1
742 830 -1
742 1025 1
743 772 -1
743 891 1
743 1151 1
744 768 -1
744 796 -1
745 1053 -1
746 1315 1
746 1830 1
747 1191 -1
747 1268 1
747 1825 1
749 903 1
749 1278 -1
749 1356 1
749 1380 -1
750 1367 1
751 791 1
751 861 1
751 1951 1
752 1262 -1
752 1375 1
753 1728 -1
754 1442 -1
754 1449 1
754 1519 1
754 1688 1
755 1233 1
755 1595 1
755 1605 -1
756 1102 -1
756 1429 1
757 845 -1
757 1941 1
758 1664 -1
758 1921 1
759 1040 1
759 1218 -1
759 1706 -1
759 1785 1
760 927 1
760 1180 -1
760 1500 -1
761 991 -1
761 1910 -1
762 1050 1
762 1499 -1
762 1914 1
763 1378 -1
763 1524 -1
764 1123 1
765 951 1
765 1356 -1
765 1380 1
766 1750 1
767 1076 -1
767 1287 -1
767 1616 1
768 1453 -1
769 1379 1
769 1509 1
769 1554 -1
769 1586 -1
770 1362 -1
770 1557 -1
771 1621 -1
771 1624 1
771 1978 1
772 1032 -1
772 1194 1
773 794 -1
773 1350 -1
773 1895 1
774 1249 -1
775 894 -1
775 965 -1
776 982 -1
776 1722 1
776 1925 -1
777 1017 -1
778 1244 -1
778 1715 1
779 1075 -1
779 1324 -1
780 989 1
780 1497 1
780 1804 -1
781 832 -1
781 1065 1
781 1333 1
782 1169 -1
782 1405 1
783 1130 1
783 1181 -1
783 1197 -1
783 1543 -1
784 794 -1
784 1470 -1
784 1895 -1
785 900 1
785 1488 -1
785 1984 -1
786 858 1
786 1259 -1
786 1272 -1
787 1463 1
787 1505 1
787 1756 1
788 1338 -1
788 1632 -1
788 1667 1
788 1761 1
789 1425 1
789 1686 -1
789 1917 -1
790 924 -1
790 1338 1
790 1927 -1
791 1494 -1
791 1829 -1
791 1981 -1
792 1197 1
792 1737 1
792 1783 -1
793 887 1
793 1119 1
793 1398 -1
794 1889 1
795 1201 1
795 1216 1
795 1633 -1
796 1453 1
796 1752 1
796 1969 -1
797 804 1
797 856 1
797 1511 1
797 1589 -1
798 1317 1
798 1385 1
799 1163 -1
799 1477 -1
799 1799 1
800 1169 1
800 1828 -1
801 953 -1
801 1129 1
801 1397 -1
802 1312 -1
802 1366 1
802 1972 -1
803 899 1
803 1150 1
803 1675 1
804 1452 1
804 1899 -1
805 1088 -1
805 1523 1
805 1808 -1
806 1803 1
806 1824 1
806 1946 1
807 1613 -1
807 1724 -1
807 1792 -1
808 1111 -1
808 1827 1
808 1868 -1
809 1826 -1
810 1029 -1
811 1393 -1
811 1653 1
811 1899 -1
811 1931 1
812 860 1
812 934 1
812 1039 1
813 832 -1
813 1155 1
813 1860 -1
814 871 -1
814 941 -1
814 1724 1
815 1557 1
815 1564 -1
816 1629 -1
817 894 1
817 983 1
817 1022 -1
817 1242 -1
818 1317 1
818 1882 1
819 1112 -1
819 1422 -1
819 1951 -1
820 1218 1
820 1462 1
820 1627 1
821 1598 -1
821 1702 -1
822 1220 1
822 1595 1
822 1605 1
822 1730 1
823 1312 1
823 1481 -1
824 1344 -1
824 1792 -1
824 1984 -1
825 1143 -1
825 1803 -1
825 1824 -1
826 1084 -1
826 1631 -1
827 879 -1
827 1049 1
828 932 1
828 960 -1
828 1078 -1
829 1203 1
829 1535 1
829 1598 1
830 1265 -1
830 1681 1
830 1877 1
831 1826 1
831 1906 -1
832 1183 1
832 1402 -1
833 1081 1
833 1710 1
834 936 1
834 1713 1
835 1173 -1
836 895 1
837 1079 1
837 1528 -1
838 1610 -1
840 1199 -1
840 1443 1
841 1649 -1
841 1651 -1
841 1968 -1
842 1754 -1
842 1833 -1
842 1911 -1
843 1074 -1
843 1210 1
843 1708 1
843 1796 -1
844 1184 -1
844 1225 -1
846 1035 -1
846 1743 -1
848 1095 -1
848 1789 1
849 911 1
849 1466 -1
849 1615 1
849 1958 1
850 1013 1
850 1484 1
851 1455 1
851 1609 1
851 1837 1
851 1886 -1
852 1445 1
852 1569 -1
852 1945 -1
853 1208 -1
853 1696 1
854 1054 1
854 1385 1
854 1760 -1
854 1782 -1
855 1680 -1
856 1452 -1
857 1536 1
858 1309 1
858 1318 -1
858 1471 1
859 1250 1
859 1381 -1
859 1964 -1
860 969 -1
861 1235 -1
861 1669 1
861 1699 1
862 1068 1
862 1160 -1
863 1029 1
863 1793 1
864 872 1
864 1269 1
865 881 1
865 1339 -1
866 976 1
867 1498 -1
867 1757 1
867 1924 1
867 1941 -1
868 931 -1
868 1423 1
869 1179 1
869 1403 -1
870 1160 -1
870 1873 -1
871 1000 -1
871 1014 1
871 1482 -1
872 1022 1
873 999 1
873 1311 -1
873 1944 -1
874 1133 1
874 1538 1
875 1389 1
875 1636 -1
875 1947 1
876 1343 -1
877 1840 1
878 919 1
878 1619 -1
878 1728 -1
879 1299 -1
879 1360 -1
880 1146 1
880 1463 -1
880 1756 -1
881 1411 1
881 1689 1
882 1645 -1
882 1881 -1
882 1949 1
883 1049 1
883 1313 -1
884 1033 1
884 1280 -1
884 1852 1
885 1243 -1
885 1314 1
886 1255 1
887 1702 1
887 1888 -1
888 1688 1
888 1742 1
889 1305 -1
889 1324 -1
889 1739 1
890 1529 -1
890 1781 -1
891 1032 1
891 1277 1
892 1357 1
892 1394 1
892 1557 -1
893 1332 1
893 1351 1
893 1904 -1
894 1271 1
895 1171 1
895 1231 -1
896 1089 1
896 1133 1
896 1965 1
897 1452 -1
897 1653 -1
897 1899 1
898 942 1
898 986 -1
899 1835 -1
899 1979 -1
900 1069 1
900 1374 -1
900 1684 -1
901 1248 -1
901 1354 -1
901 1985 -1
902 1064 1
902 1935 1
903 1277 1
903 1567 1
905 1953 -1
905 1994 -1
906 1072 -1
907 1117 1
907 1574 -1
908 1040 1
908 1237 1
908 1716 1
908 1785 -1
909 1575 1
909 1803 -1
910 1452 -1
911 986 -1
911 1408 1
911 1980 -1
912 1071 -1
912 1864 -1
912 1873 -1
913 1288 -1
913 1550 -1
913 1930 -1
915 1047 1
915 1250 1
915 1539 -1
915 1611 1
916 1559 1
916 1902 -1
917 1267 -1
917 1420 1
918 1708 1
918 1982 1
919 1769 -1
919 1810 -1
920 969 -1
921 1116 -1
921 1319 1
921 1555 1
921 1784 -1
922 1722 -1
922 1899 1
922 1931 -1
923 1321 1
923 1388 1
924 1695 1
925 1682 1
926 1318 1
926 1471 -1
927 1536 -1
928 1149 -1
928 1247 1
928 1809 1
929 1222 1
929 1829 -1
930 1087 1
930 1515 1
930 1900 -1
931 1276 1
931 1353 -1
931 1923 -1
932 1499 -1
932 1563 -1
933 1158 1
933 1175 1
933 1371 1
934 1135 -1
935 1154 1
935 1797 -1
936 1211 -1
937 1055 1
937 1473 -1
937 1687 -1
938 1031 1
938 1518 -1
938 1652 1
939 1064 -1
939 1141 1
939 1310 -1
940 1561 -1
940 1863 -1
940 1908 -1
941 1000 1
942 1544 1
942 1615 -1
943 1646 -1
944 1385 1
944 1651 -1
944 1782 1
945 1819 1
945 1924 1
946 964 -1
946 1332 -1
946 1351 1
946 1507 1
948 1042 1
948 1719 1
949 1658 -1
949 1989 -1
950 987 1
950 990 -1
951 1060 1
951 1326 -1
952 1278 1
952 1356 1
952 1450 -1
952 1858 1
953 1190 1
953 1418 -1
954 1294 1
954 1646 1
955 1533 1
955 1842 -1
957 1193 -1
957 1583 -1
957 1659 -1
958 1558 -1
958 1700 -1
959 973 -1
959 1666 -1
959 1685 1
960 1286 1
960 1563 1
960 1898 1
961 1253 1
961 1377 1
961 1634 1
962 1580 1
962 1929 1
964 1147 1
964 1717 -1
965 1068 -1
965 1553 -1
966 1435 -1
966 1552 1
967 1168 1
967 1871 1
968 1975 -1
969 1192 1
969 1590 -1
970 1188 -1
970 1799 1
972 1089 1
972 1162 1
972 1686 1
972 1965 1
973 992 1
973 1833 -1
974 1059 -1
974 1606 -1
975 1034 1
975 1731 1
976 1032 1
977 1042 1
978 1333 1
979 1025 -1
979 1308 -1
980 1336 1
980 1531 -1
981 1434 1
982 1076 -1
982 1511 -1
982 1916 1
983 1866 1
984 1292 1
984 1668 1
985 1006 1
985 1660 -1
986 1615 1
986 1888 1
987 1579 1
988 1420 1
988 1612 1
988 1813 1
989 1033 -1
989 1108 -1
990 1579 -1
990 1843 -1
991 1065 -1
991 1225 1
992 1584 1
993 1238 1
993 1881 -1
994 1028 -1
994 1715 -1
995 1710 1
996 1735 -1
997 1346 1
997 1776 1
998 1011 -1
999 1041 -1
999 1763 1
1000 1249 1
1000 1604 -1
1001 1132 -1
1001 1865 1
1002 1232 1
1002 1561 -1
1002 1577 1
1002 1804 1
1003 1481 -1
1003 1928 1
1004 1478 -1
1004 1689 -1
1004 1974 -1
1005 1572 1
1005 1704 1
1005 1752 1
1006 1302 -1
1006 1886 -1
1007 1221 1
1007 1269 -1
1008 1078 -1
1009 1630 1
1009 1635 -1
1009 1642 -1
1009 1836 1
1010 1312 1
1010 1620 1
1011 1251 1
1012 1171 -1
1012 1231 -1
1012 1422 1
1013 1967 1
1015 1247 -1
1015 1757 1
1016 1541 1
1016 1586 -1
1017 1387 -1
1017 1527 -1
1017 1907 -1
1018 1369 -1
1018 1573 1
1019 1058 1
1019 1118 1
1019 1794 1
1020 1240 -1
1020 1254 1
1023 1474 -1
1023 1659 1
1024 1028 -1
1024 1370 1
1025 1681 -1
1026 1221 1
1026 1382 1
1026 1613 1
1027 1090 -1
1027 1597 1
1027 1952 1
1028 1838 -1
1028 1844 1
1029 1304 -1
1030 1904 1
1031 1086 1
1031 1475 -1
1033 1497 -1
1034 1144 -1
1035 1722 1
1035 1925 1
1036 1167 1
1036 1288 1
1036 1550 1
1036 1861 -1
1037 1084 1
1038 1155 -1
1038 1670 1
1039 1839 1
1040 1109 1
1040 1340 1
1041 1739 -1
1042 1977 -1
1043 1143 -1
1044 1406 1
1044 1581 1
1045 1567 -1
1045 1633 1
1045 1655 -1
1045 1831 -1
1046 1471 -1
1047 1403 -1
1047 1823 -1
1048 1344 1
1049 1172 1
1050 1976 -1
1051 1718 -1
1052 1230 -1
1052 1292 -1
1052 1623 1
1055 1107 1
1055 1996 1
1056 1236 1
1056 1264 -1
1056 1938 -1
1057 1200 1
1057 1276 1
1057 1876 -1
1057 1923 -1
1058 1464 -1
1059 1440 -1
1060 1683 1
1060 1729 -1
1061 1143 1
1061 1575 1
1061 1803 1
1061 1936 -1
1062 1272 -1
1063 1148 -1
1063 1457 1
1063 1726 1
1064 1205 1
1065 1183 -1
1066 1096 -1
1066 1883 -1
1067 1600 -1
1068 1826 -1
1069 1792 -1
1069 1984 1
1070 1507 -1
1070 1993 1
1071 1115 -1
1072 1573 1
1072 1788 1
1073 1273 -1
1074 1170 -1
1074 1929 -1
1075 1210 -1
1075 1517 -1
1075 1796 -1
1076 1663 -1
1077 1096 1
1077 1355 1
1077 1883 -1
1078 1898 -1
1078 1937 -1
1079 1373 1
1079 1489 1
1080 1153 -1
1080 1558 1
1080 1793 -1
1081 1890 -1
1082 1233 1
1082 1282 1
1082 1605 1
1082 1677 1
1083 1473 -1
1084 1441 -1
1085 1734 1
1086 1518 -1
1087 1366 1
1087 1972 1
1088 1097 -1
1088 1751 -1
1090 1183 -1
1090 1762 -1
1091 1105 1
1091 1274 -1
1091 1433 -1
1091 1784 1
1092 1346 -1
1093 1280 1
1093 1852 1
1093 1927 -1
1095 1765 1
1095 1880 -1
1096 1774 1
1097 1229 1
1097 1869 -1
1098 1229 1
1098 1747 -1
1099 1477 1
1099 1799 1
1099 1864 1
1100 1587 -1
1100 1662 -1
1100 1983 1
1101 1189 1
1101 1431 1
1102 1476 -1
1102 1758 1
1103 1140 1
1103 1246 1
1103 1493 -1
1104 1833 -1
1104 1902 1
1104 1911 -1
1105 1956 1
1106 1204 -1
1106 1848 1
1106 1950 1
1107 1140 -1
1107 1493 1
1108 1577 -1
1108 1804 1
1109 1483 -1
1109 1706 -1
1110 1455 -1
1110 1886 1
1111 1228 1
1111 1987 1
1112 1494 1
1112 1771 1
1113 1167 -1
1113 1861 1
1114 1184 -1
1114 1433 1
1114 1472 -1
1115 1864 1
1116 1798 1
1117 1773 1
1119 1162 1
1119 1535 1
1120 1212 -1
1120 1822 1
1121 1913 -1
1121 1928 1
1122 1254 1
1122 1340 1
1122 1661 1
1123 1346 1
1124 1189 -1
1124 1360 -1
1124 1381 -1
1125 1288 1
1125 1790 1
1125 1861 -1
1126 1200 -1
1126 1259 -1
1126 1276 1
1127 1307 -1
1127 1748 -1
1128 1136 -1
1128 1341 1
1128 1551 -1
1128 1617 1
1129 1492 1
1129 1638 -1
1130 1716 -1
1130 1785 1
1130 1853 1
1131 1708 -1
1131 1796 -1
1132 1533 1
1132 1842 -1
1133 1714 -1
1134 1217 -1
1134 1302 1
1135 1910 -1
1136 1286 -1
1136 1898 -1
1137 1560 -1
1137 1988 1
1138 1216 -1
1139 1457 1
1139 1726 -1
1139 1754 1
1140 1996 1
1142 1466 -1
1142 1515 -1
1142 1770 -1
1142 1900 1
1143 1438 1
1144 1731 1
1144 1735 -1
1145 1315 1
1146 1267 -1
1146 1420 -1
1146 1823 -1
1147 1158 -1
1147 1507 -1
1148 1175 1
1148 1371 1
1149 1321 1
1149 1971 -1
1150 1226 -1
1150 1421 1
1150 1480 -1
1151 1277 1
1152 1211 1
1153 1367 1
1153 1596 -1
1153 1966 -1
1155 1183 -1
1155 1762 -1
1156 1268 1
1156 1850 1
1157 1534 1
1157 1942 1
1158 1717 -1
1159 1173 1
1159 1678 -1
1160 1341 -1
1160 1551 -1
1161 1962 1
1161 1995 -1
1162 1398 -1
1163 1529 -1
1164 1351 -1
1164 1832 -1
1165 1169 1
1165 1442 -1
1165 1786 -1
1165 1828 1
1166 1765 -1
1166 1880 -1
1166 1969 1
1167 1654 -1
1168 1365 -1
1168 1987 -1
1170 1210 1
1170 1885 -1
1172 1439 -1
1173 1457 -1
1174 1190 -1
1174 1347 1
1174 1418 1
1174 1496 -1
1175 1195 -1
1175 1726 1
1176 1343 1
1176 1556 1
1177 1200 -1
1177 1259 1
1177 1272 -1
1178 1601 -1
1179 1189 -1
1179 1381 1
1180 1795 -1
1181 1206 1
1181 1853 1
1182 1334 -1
1182 1690 1
1182 1943 1
1184 1956 1
1185 1293 1
1185 1525 -1
1186 1267 1
1186 1288 -1
1187 1528 1
1187 1692 -1
1190 1982 -1
1191 1207 1
1191 1569 -1
1191 1986 -1
1192 1416 1
1193 1419 -1
1194 1661 -1
1195 1316 1
1196 1245 1
1196 1409 1
1197 1716 1
1198 1233 1
1199 1480 1
1199 1922 1
1200 1246 -1
1201 1673 1
1201 1957 1
1202 1290 1
1202 1491 1
1202 1599 1
1203 1565 1
1203 1596 1
1203 1734 -1
1204 1976 1
1205 1310 -1
1205 1872 -1
1206 1391 1
1206 1863 -1
1207 1647 1
1207 1825 -1
1208 1240 1
1209 1308 -1
1209 1827 1
1211 1534 1
1212 1665 1
1213 1269 1
1213 1866 -1
1214 1541 -1
1215 1485 1
1215 1678 1
1216 1417 1
1216 1862 -1
1217 1647 1
1219 1296 1
1219 1818 1
1221 1245 1
1221 1409 1
1222 1243 1
1223 1397 -1
1224 1341 1
1224 1617 -1
1224 1801 -1
1226 1675 1
1226 1701 -1
1227 1296 1
1227 1807 1
1228 1536 1
1229 1495 -1
1229 1520 1
1230 1610 -1
1231 1331 1
1231 1771 -1
1232 1322 1
1232 1672 1
1232 1939 1
1233 1775 -1
1234 1485 1
1234 1678 -1
1234 1761 -1
1235 1243 -1
1236 1505 1
1236 1645 -1
1237 1254 -1
1237 1340 -1
1238 1466 1
1238 1515 -1
1238 1958 -1
1239 1443 -1
1239 1547 -1
1241 1274 1
1241 1298 1
1241 1855 1
1242 1271 -1
1242 1944 1
1243 1814 -1
1244 1537 -1
1244 1933 1
1245 1382 1
1246 1876 1
1247 1971 1
1249 1482 1
1250 1403 -1
1251 1487 -1
1251 1500 -1
1252 1787 -1
1255 1410 -1
1257 1871 1
1257 1948 1
1258 1642 1
1258 1720 -1
1258 1749 1
1258 1836 1
1259 1309 1
1260 1651 -1
1260 1968 1
1261 1320 1
1261 1376 1
1262 1423 1
1264 1526 -1
1264 1620 1
1265 1362 -1
1266 1491 -1
1266 1621 -1
1266 1624 -1
1267 1539 1
1268 1412 1
1268 1816 1
1270 1299 -1
1270 1360 -1
1271 1426 1
1272 1879 -1
1274 1628 -1
1274 1798 -1
1275 1613 -1
1275 1792 -1
1276 1423 -1
1279 1314 1
1279 1444 1
1279 1562 -1
1279 1648 -1
1280 1461 -1
1280 1723 1
1281 1462 -1
1281 1623 -1
1282 1779 1
1283 1921 1
1284 1447 1
1285 1541 -1
1285 1915 -1
1286 1465 1
1287 1844 -1
1287 1933 -1
1287 1953 1
1289 1701 1
1289 1812 1
1291 1461 -1
1291 1723 1
1291 1807 -1
1292 1780 -1
1293 1878 1
1294 1337 -1
1294 1934 1
1295 1737 1
1295 1783 -1
1295 1926 1
1295 1960 -1
1296 1696 1
1297 1509 -1
1297 1541 -1
1297 1586 -1
1297 1915 -1
1298 1601 -1
1298 1798 -1
1299 1384 -1
1299 1909 1
1300 1327 -1
1300 1629 1
1300 1962 -1
1301 1631 -1
1301 1745 -1
1301 1894 -1
1302 1859 -1
1304 1558 1
1304 1793 1
1305 1407 1
1305 1639 1
1306 1474 1
1306 1659 -1
1307 1446 1
1307 1865 1
1308 1592 -1
1309 1375 -1
1310 1636 -1
1311 1517 -1
1312 1884 1
1313 1431 1
1313 1679 1
1314 1566 1
1314 1814 1
1315 1746 1
1316 1902 1
1316 1911 -1
1319 1525 -1
1320 1429 1
1320 1725 1
1321 1820 1
1322 1512 1
1322 1561 1
1323 1386 -1
1324 1517 -1
1326 1356 -1
1326 1858 1
1327 1411 1
1327 1582 -1
1329 1397 1
1329 1918 -1
1329 1942 1
1330 1594 -1
1330 1832 -1
1330 1993 1
1331 1925 1
1333 1392 1
1333 1402 -1
1334 1516 -1
1335 1871 1
1335 1874 -1
1336 1530 1
1336 1887 -1
1337 1530 -1
1337 1732 -1
1338 1766 -1
1339 1595 -1
1340 1483 1
1341 1873 -1
1342 1514 -1
1343 1664 1
1344 1609 -1
1344 1837 -1
1345 1460 -1
1345 1744 1
1345 1815 -1
1348 1692 -1
1349 1473 -1
1349 1687 -1
1350 1959 1
1352 1689 1
1352 1974 -1
1355 1639 -1
1358 1563 -1
1358 1652 -1
1358 1725 1
1359 1970 1
1361 1405 1
1361 1717 1
1362 1877 1
1363 1754 -1
1364 1768 -1
1364 1932 1
1365 1870 -1
1365 1871 -1
1365 1874 -1
1366 1791 1
1366 1884 1
1367 1657 1
1368 1759 1
1368 1920 1
1369 1414 -1
1370 1772 1
1371 1707 1
1372 1731 1
1372 1735 -1
1372 1912 1
1373 1528 1
1375 1471 1
1376 1725 -1
1376 1914 1
1379 1450 1
1379 1549 1
1379 1858 1
1380 1567 -1
1380 1655 -1
1381 1403 -1
1382 1736 -1
1383 1540 -1
1383 1745 -1
1383 1894 -1
1384 1585 -1
1384 1955 -1
1387 1449 1
1387 1845 -1
1389 1419 -1
1389 1970 1
1391 1469 1
1391 1627 -1
1391 1853 -1
1392 1618 -1
1393 1521 1
1393 1603 -1
1393 1741 1
1395 1800 1
1396 1435 -1
1396 1637 1
1397 1638 1
1398 1686 1
1398 1917 -1
1399 1735 1
1399 1842 1
1400 1414 -1
1400 1673 1
1400 1957 1
1401 1630 -1
1401 1836 -1
1401 1989 -1
1402 1860 1
1404 1495 1
1404 1524 1
1404 1967 -1
1406 1614 -1
1407 1641 1
1407 1739 1
1408 1958 1
1409 1581 -1
1410 1416 -1
1411 1629 -1
1412 1656 1
1412 1850 -1
1413 1415 -1
1413 1907 1
1414 1674 1
1416 1590 -1
1418 1906 -1
1419 1636 1
1420 1463 -1
1422 1771 -1
1424 1491 1
1424 1571 1
1424 1599 1
1425 1654 -1
1426 1806 -1
1426 1944 1
1427 1660 1
1428 1781 -1
1428 1847 1
1429 1758 -1
1430 1472 1
1431 1578 1
1431 1700 -1
1432 1478 1
1432 1855 1
1432 1974 -1
1433 1628 -1
1433 1956 -1
1434 1956 1
1435 1459 1
1436 1693 -1
1436 1707 1
1437 1964 1
1438 1936 -1
1439 1649 -1
1439 1651 -1
1439 1782 -1
1440 1566 1
1440 1834 -1
1440 1940 -1
1442 1568 1
1442 1920 -1
1444 1566 -1
1444 1834 -1
1445 1604 1
1446 1458 -1
1446 1533 -1
1447 1852 -1
1448 1501 1
1448 1649 -1
1449 1527 -1
1451 1570 1
1451 1721 1
1453 1562 1
1453 1648 -1
1454 1521 -1
1454 1603 -1
1455 1488 1
1455 1857 1
1456 1501 1
1456 1905 1
1458 1720 -1
1459 1637 1
1459 1976 1
1463 1813 -1
1464 1794 -1
1464 1912 1
1464 1913 1
1465 1518 -1
1465 1563 -1
1465 1652 -1
1467 1594 -1
1467 1901 1
1468 1788 1
1469 1512 1
1470 1475 -1
1470 1889 -1
1472 1548 1
1472 1628 -1
1473 1903 1
1474 1822 1
1476 1640 -1
1477 1801 -1
1478 1548 1
1479 1741 -1
1479 1743 1
1483 1661 1
1484 1591 -1
1484 1967 1
1485 1818 -1
1486 1490 -1
1486 1492 -1
1488 1609 -1
1489 1545 1
1490 1982 1
1492 1961 -1
1493 1576 1
1493 1591 1
1494 1892 -1
1494 1951 -1
1495 1869 1
1496 1906 -1
1497 1812 1
1498 1830 -1
1501 1909 -1
1503 1610 -1
1504 1666 -1
1504 1703 -1
1505 1579 1
1508 1697 1
1508 1947 -1
1509 1858 -1
1510 1571 -1
1510 1929 1
1511 1663 -1
1512 1672 -1
1512 1846 1
1514 1978 1
1514 1992 -1
1516 1542 1
1516 1936 -1
1517 1546 1
1519 1920 1
1520 1747 -1
1521 1680 -1
1522 1524 1
1522 1967 1
1523 1622 -1
1525 1882 1
1526 1938 -1
1526 1990 1
1527 1688 1
1531 1632 -1
1531 1887 -1
1532 1612 -1
1532 1813 -1
1532 1938 -1
1532 1990 -1
1533 1865 -1
1534 1692 1
1535 1565 1
1538 1854 1
1539 1823 1
1540 1948 -1
1542 1738 -1
1542 1856 1
1543 1893 -1
1545 1556 1
1546 1796 1
1549 1554 1
1549 1817 1
1550 1654 1
1552 1848 -1
1553 1826 1
1554 1764 -1
1555 1593 1
1556 1664 -1
1560 1790 1
1562 1752 -1
1564 1794 -1
1564 1913 -1
1564 1928 1
1565 1975 1
1568 1688 1
1568 1742 -1
1568 1786 1
1569 1647 1
1569 1698 -1
1570 1642 1
1570 1749 -1
1572 1777 1
1572 1991 -1
1572 2000 -1
1574 1896 -1
1575 1856 -1
1578 1875 -1
1578 1998 1
1579 1756 -1
1582 1962 -1
1583 1811 1
1583 1973 1
1585 1909 1
1587 1819 1
1589 1663 1
1589 1838 1
1592 1770 1
1592 1900 -1
1594 1602 -1
1594 1985 1
1596 1598 1
1596 1657 -1
1597 1709 -1
1597 1910 -1
1598 1966 1
1600 1772 1
1601 1855 1
1602 1832 1
1603 1653 -1
1607 1702 -1
1608 1682 -1
1608 1787 -1
1609 1984 1
1611 1930 -1
1612 1988 1
1613 1736 -1
1614 1641 1
1616 1953 1
1616 1994 -1
1617 1898 1
1617 1937 -1
1618 1962 -1
1618 1995 1
1619 1769 1
1619 1897 -1
1620 1884 1
1623 1780 -1
1623 1815 1
1624 1847 1
1625 1819 1
1625 1924 1
1625 1941 -1
1626 1776 1
1630 1668 1
1631 1891 -1
1633 1862 1
1634 1747 -1
1635 1668 1
1636 1872 1
1637 1671 -1
1638 1918 1
1639 1641 -1
1641 1643 1
1643 1704 -1
1644 1720 -1
1644 1836 -1
1644 1989 1
1646 1897 -1
1647 1945 -1
1648 1814 1
1650 1670 -1
1650 1905 -1
1656 1991 -1
1656 2000 1
1657 1734 1
1658 1947 -1
1659 1811 1
1660 1885 -1
1661 1718 1
1665 1822 -1
1667 1766 -1
1668 1780 -1
1669 1951 1
1670 1946 1
1671 1781 1
1675 1979 -1
1676 1742 1
1677 1775 -1
1677 1779 1
1679 1700 -1
1680 1741 -1
1681 1948 1
1683 1915 1
1685 1833 -1
1691 1849 1
1691 1957 -1
1692 1942 -1
1694 1728 -1
1694 1993 -1
1696 1818 1
1696 1926 -1
1697 1970 -1
1698 1986 -1
1700 1998 1
1702 1980 1
1704 1991 -1
1705 1751 1
1710 1890 1
1711 1943 -1
1713 1997 1
1714 1965 1
1715 1844 1
1715 1933 1
1723 1927 1
1724 1736 -1
1729 1890 1
1731 1963 -1
1732 1934 -1
1733 1851 1
1733 1930 -1
1734 1975 1
1740 1747 1
1741 1931 1
1743 1892 1
1748 1865 -1
1749 1817 -1
1750 1952 -1
1751 1869 -1
1752 1777 1
1753 1805 1
1753 1829 -1
1753 1981 -1
1755 1840 1
1757 1830 -1
1759 1828 1
1762 1952 -1
1763 1866 1
1764 1817 1
1765 1820 -1
1766 1927 -1
1768 1841 1
1768 1986 1
1777 1969 -1
1778 1919 1
1779 1921 1
1784 1798 -1
1787 1999 1
1788 1835 -1
1789 1880 1
1789 1932 -1
1791 1881 1
1793 1966 -1
1801 1937 -1
1802 1983 -1
1804 1939 1
1810 1901 1
1816 1825 -1
1816 1883 -1
1827 1987 -1
1828 1920 1
1831 1862 1
1837 1859 1
1841 1932 -1
1842 1935 -1
1843 1949 1
1849 1890 1
1850 2000 1
1851 1964 -1
1856 1936 -1
1859 1886 1
1867 1881 -1
1867 1949 1
1877 1948 -1
1879 1996 -1
1887 1999 -1
1888 1980 1
1892 1981 1
1912 1963 1
1913 1963 -1
1916 1925 1
1947 1970 1
1954 1988 -1
1961 1978 -1
