3000 7999
1 140 1
1 524 1
1 967 -1
1 1049 1
1 1385 -1
1 1794 1
1 2450 1
1 2847 -1
2 86 -1
2 401 -1
2 1143 -1
2 1982 -1
2 2254 1
2 2303 1
2 2456 -1
2 2823 1
3 263 -1
3 1663 -1
3 1883 1
3 2316 1
4 482 -1
4 615 -1
4 742 -1
4 1878 -1
5 100 -1
5 1085 1
5 2170 -1
5 2790 -1
6 774 1
6 1551 1
6 1855 -1
6 2131 -1
6 2155 -1
6 2518 -1
6 2588 -1
6 2729 -1
7 72 1
7 544 -1
7 1135 1
7 2091 1
8 200 -1
8 811 1
8 1701 -1
8 2692 1
9 14 1
9 1595 1
9 1967 -1
9 2351 -1
10 1177 -1
10 2058 -1
10 2163 -1
10 2967 -1
11 1494 1
11 2071 -1
11 2257 1
11 2598 1
12 679 1
12 835 -1
12 952 1
12 988 -1
12 1115 -1
12 1198 -1
12 2109 1
12 2388 1
13 1977 1
13 2512 -1
13 2658 1
13 2732 1
14 70 -1
14 161 -1
14 241 1
14 817 1
14 1206 1
14 1401 -1
14 1696 1
15 364 1
15 869 -1
15 1168 -1
15 2320 -1
16 1116 -1
16 1831 1
16 2052 -1
16 2718 -1
17 190 -1
17 688 -1
17 1094 1
17 2701 1
18 353 1
18 845 -1
18 889 1
18 2006 -1
19 50 -1
19 291 1
19 925 1
19 1016 -1
19 1201 -1
19 1279 -1
19 2085 -1
19 2924 -1
20 1016 -1
20 1279 -1
20 1573 1
20 2561 1
21 402 -1
21 664 1
21 938 1
21 1172 1
21 1750 1
21 1819 1
21 2079 -1
21 2801 -1
22 859 -1
22 1112 1
22 1381 -1
22 1917 -1
22 2389 1
22 2620 -1
22 2770 1
22 2785 -1
23 214 1
23 241 1
23 401 -1
23 431 1
23 992 -1
23 1724 1
23 2350 -1
23 2763 -1
24 399 -1
24 477 1
24 578 -1
24 1494 1
25 190 -1
25 216 1
25 2334 1
25 2701 1
26 302 1
26 393 -1
26 1099 -1
26 2710 1
27 527 -1
27 1071 1
27 2562 1
27 2770 -1
28 545 -1
28 633 1
28 1832 1
28 2123 -1
29 1831 -1
29 2258 1
29 2718 1
29 2781 1
30 1351 1
30 1495 1
30 2027 -1
30 2985 1
31 276 1
31 857 -1
31 1029 1
31 2352 1
32 251 1
32 436 1
32 1157 1
32 1963 -1
32 2204 -1
32 2414 1
32 2468 1
32 2634 -1
33 272 1
33 1346 1
33 2446 -1
33 2488 -1
34 38 -1
34 999 -1
34 2194 1
34 2456 1
35 460 -1
35 803 1
35 2727 -1
35 2899 -1
36 1151 -1
36 1187 1
36 1427 1
36 2475 1
37 414 -1
37 761 1
37 2575 -1
37 2648 1
38 184 1
38 528 1
38 727 1
38 1709 -1
38 1954 1
38 2123 -1
38 2950 1
39 280 -1
39 954 1
39 991 1
39 1269 -1
40 333 -1
40 593 1
40 982 -1
40 1490 1
40 1545 1
40 1704 -1
40 1834 -1
40 1954 -1
41 833 -1
41 1712 1
41 2721 -1
41 2772 1
42 1135 -1
42 1365 -1
42 1544 -1
42 2015 1
43 198 1
43 1114 -1
43 1300 1
43 1319 1
44 71 1
44 1886 -1
44 2143 1
44 2726 1
45 48 1
45 113 1
45 472 1
45 715 1
45 775 1
45 1185 -1
45 2407 -1
45 2880 1
46 116 1
46 587 -1
46 681 -1
46 909 1
46 1697 1
46 1937 -1
46 2493 -1
46 2694 1
47 90 1
47 1231 1
47 1277 1
47 2934 -1
48 76 -1
48 393 -1
48 1001 1
48 2054 1
48 2799 1
48 2868 1
48 2915 1
49 882 -1
49 1237 1
49 1748 1
49 2548 -1
50 98 -1
50 497 1
50 965 1
50 1374 -1
50 1581 1
50 2075 1
50 2250 1
51 196 1
51 1265 1
51 1839 1
51 1924 1
52 450 -1
52 1521 1
52 1951 1
52 2464 -1
53 344 1
53 593 -1
53 772 1
53 867 1
53 1380 -1
53 2446 1
53 2625 1
53 2690 1
54 723 1
54 1039 1
54 1065 -1
54 1134 1
55 496 1
55 904 -1
55 2112 1
55 2844 -1
56 900 1
56 1115 -1
56 1453 -1
56 1456 -1
56 2225 -1
56 2375 1
56 2620 -1
56 2957 1
57 673 -1
57 1213 1
57 1379 -1
57 2806 -1
58 471 -1
58 1087 -1
58 2408 -1
58 2622 1
59 371 1
59 414 1
59 767 -1
59 2911 -1
60 723 -1
60 1190 -1
60 1356 -1
60 1463 1
60 1781 -1
60 2109 -1
60 2782 -1
60 2897 -1
61 911 -1
61 1741 1
61 2103 -1
61 2988 1
62 210 -1
62 581 -1
62 599 1
62 843 1
62 901 -1
62 1106 1
62 1122 1
62 1942 -1
63 98 1
63 965 -1
63 1889 -1
63 2744 -1
64 1038 -1
64 1186 1
64 1483 -1
64 1882 1
65 98 1
65 320 -1
65 804 1
65 913 1
65 1274 1
65 2113 1
65 2247 1
65 2381 1
66 160 1
66 207 -1
66 640 1
66 990 1
66 1161 -1
66 1778 -1
66 1970 1
66 2680 1
67 586 -1
67 2337 1
67 2502 1
67 2875 -1
68 819 1
68 937 -1
68 1054 -1
68 1098 1
68 1319 -1
68 1548 -1
68 1784 1
68 1999 -1
69 309 -1
69 310 -1
69 828 1
69 2871 -1
70 73 -1
70 257 -1
70 424 1
70 584 1
70 627 -1
70 1403 1
70 2351 -1
71 719 1
71 1227 -1
71 1610 1
71 2202 1
71 2476 -1
71 2724 1
71 2822 -1
72 155 -1
72 211 1
72 639 1
72 704 1
72 733 1
72 1755 1
72 2010 -1
73 506 -1
73 1467 1
73 1608 -1
73 2325 -1
73 2373 1
73 2787 -1
73 2841 1
74 343 -1
74 1060 -1
74 1833 -1
74 1992 -1
75 1553 -1
75 1595 1
75 1967 1
75 2445 -1
76 441 -1
76 1643 -1
76 1873 -1
77 220 1
77 691 1
77 886 -1
77 1711 -1
78 338 1
78 1726 1
78 1737 -1
78 2207 1
79 675 1
79 1169 -1
79 1345 1
79 1383 -1
80 1301 1
80 2223 -1
80 2509 -1
80 2960 1
81 596 1
81 939 1
81 1326 -1
81 1604 1
81 1861 1
81 1917 1
81 2253 1
81 2643 -1
82 732 1
82 887 1
82 912 -1
82 1038 1
82 2184 1
82 2398 1
82 2797 -1
82 2975 -1
83 344 -1
83 1159 -1
83 1264 -1
83 1738 -1
83 1905 1
83 1934 -1
83 2063 1
83 2164 -1
84 363 1
84 1735 -1
84 2481 -1
84 2602 -1
85 279 1
85 456 -1
85 998 1
85 2430 -1
86 2133 -1
86 2247 1
86 2381 -1
87 354 1
87 1232 1
87 2032 -1
87 2995 1
88 96 1
88 619 -1
88 1063 -1
88 1177 1
88 1381 -1
88 2163 1
88 2487 -1
88 2731 -1
89 440 1
89 499 1
89 841 -1
89 1076 -1
89 1786 -1
89 1979 -1
89 2645 1
89 2949 1
90 810 1
90 2146 1
90 2378 1
91 662 1
91 680 1
91 709 -1
91 1355 1
91 1512 1
91 2255 -1
91 2615 1
91 2658 -1
92 418 -1
92 473 -1
92 914 1
92 2855 1
93 885 1
93 2254 -1
93 2485 -1
93 2942 -1
94 105 1
94 1993 -1
94 2076 1
94 2314 1
95 311 -1
95 865 -1
95 1205 1
95 2157 -1
96 1837 1
96 1843 1
96 2288 1
97 612 -1
97 910 -1
97 1259 1
97 1408 1
97 1664 -1
97 2019 -1
97 2480 1
97 2629 -1
98 244 -1
98 1137 -1
98 1863 -1
98 2057 1
98 2074 -1
99 678 1
99 749 -1
99 797 -1
99 1045 -1
99 2189 1
99 2249 1
99 2295 -1
99 2358 -1
100 430 1
100 682 1
100 834 1
100 903 -1
100 1262 -1
100 2108 1
100 2889 -1
101 425 1
101 1011 1
101 1031 1
101 1202 -1
101 1666 1
101 2156 -1
101 2678 -1
101 2692 1
102 705 -1
102 776 1
102 799 1
102 937 -1
102 1318 -1
102 1670 -1
102 1845 1
102 2865 -1
103 1272 1
103 1454 -1
103 2454 -1
103 2498 1
104 282 1
104 795 1
104 2131 1
104 2155 1
105 895 -1
105 905 -1
105 1414 1
105 1570 1
105 2092 -1
105 2650 1
105 2817 1
106 880 -1
106 1082 -1
106 1603 -1
106 1692 -1
106 1902 -1
106 2455 -1
106 2602 1
106 2795 1
107 333 1
107 916 -1
107 1203 -1
107 1974 1
108 225 1
108 1749 1
108 2236 -1
108 2343 1
109 2307 1
109 2384 1
109 2389 -1
109 2934 1
110 637 1
110 1648 1
110 2205 1
110 2850 -1
111 124 -1
111 214 1
111 806 1
111 2873 -1
112 445 1
112 1438 -1
112 2049 -1
112 2769 -1
113 798 1
113 1075 -1
113 2100 1
114 362 -1
114 451 1
114 1298 -1
114 1929 1
115 588 -1
115 1554 1
115 1769 1
115 1817 1
116 194 1
116 2662 -1
116 2786 -1
117 706 -1
117 1061 -1
117 1093 -1
117 2601 -1
118 975 -1
118 985 1
118 1295 -1
118 1440 -1
118 1618 -1
118 1727 -1
118 1847 -1
118 1924 -1
119 323 1
119 1569 -1
119 2734 -1
119 2889 1
120 1083 -1
120 1208 -1
120 1881 -1
120 2677 1
121 393 -1
121 1589 1
121 1659 -1
121 2182 -1
122 226 -1
122 798 -1
122 1094 -1
122 1955 -1
122 2100 -1
122 2426 -1
122 2607 1
122 2672 1
123 461 1
123 471 1
123 1505 1
123 2830 -1
124 1150 1
124 2070 -1
124 2417 1
125 1319 1
125 2050 1
125 2482 -1
125 2728 -1
126 257 1
126 1485 1
126 2351 -1
126 2993 1
127 209 -1
127 826 1
127 848 1
127 1347 1
127 1982 1
127 2081 -1
127 2331 -1
127 2807 -1
128 692 -1
128 1099 1
128 1335 -1
128 2176 -1
128 2339 1
128 2500 -1
128 2558 -1
128 2679 1
129 777 1
129 1461 1
129 2082 1
129 2094 -1
130 296 -1
130 400 -1
130 425 1
130 822 -1
130 1989 -1
130 2172 -1
130 2887 1
130 2888 -1
131 1058 1
131 1079 1
131 1086 -1
131 1166 1
131 1484 -1
131 2148 -1
131 2579 -1
131 2983 -1
132 719 -1
132 866 -1
132 1505 -1
132 1610 1
133 303 -1
133 969 -1
133 1007 1
133 1562 1
133 1921 1
133 1953 1
133 2162 1
133 2748 1
134 198 1
134 492 1
134 874 1
134 1546 -1
135 456 -1
135 2513 -1
135 2783 -1
135 2940 -1
136 233 -1
136 247 1
136 899 -1
136 1449 -1
136 1709 1
136 2558 -1
136 2738 -1
136 2994 -1
137 191 1
137 305 -1
137 1063 -1
137 1067 -1
137 1150 1
137 1577 -1
137 1872 1
137 2487 1
138 1279 -1
138 1364 -1
138 1398 1
138 1516 1
138 1724 1
138 1971 -1
138 2220 1
138 2322 -1
139 234 -1
139 369 1
139 482 -1
139 615 1
139 825 1
139 960 -1
139 1332 -1
139 1681 1
140 558 1
140 2133 -1
140 2820 -1
141 1164 1
141 2400 -1
141 2631 -1
141 2862 -1
142 368 -1
142 1038 1
142 1074 -1
142 2759 -1
143 1555 1
143 1849 1
143 2023 -1
143 2653 -1
144 914 1
144 1236 -1
144 2516 -1
144 2855 -1
145 613 1
145 730 1
145 1541 -1
145 1590 -1
146 1022 1
146 1824 -1
146 2033 -1
146 2946 -1
147 330 -1
147 487 1
147 914 1
147 1059 -1
148 1756 -1
148 1935 -1
148 1955 -1
148 2426 1
149 448 -1
149 534 -1
149 987 -1
149 2423 -1
150 186 1
150 1239 1
150 1370 -1
150 1441 -1
150 1898 -1
150 2144 1
150 2437 1
150 2739 -1
151 682 1
151 1012 -1
151 1131 -1
151 1568 1
152 174 1
152 703 -1
152 776 1
152 799 1
153 398 -1
153 1127 1
153 1417 -1
153 1529 -1
153 1758 -1
153 2171 -1
153 2271 1
153 2413 1
154 209 -1
154 2371 -1
154 2677 1
154 2723 1
155 1027 -1
155 1789 1
155 1951 -1
156 1207 1
156 2019 -1
156 2471 1
156 2480 -1
157 198 -1
157 235 1
157 373 -1
157 2214 -1
158 582 1
158 1261 1
158 1574 -1
158 2292 -1
159 1538 1
159 1991 1
159 2729 -1
159 2931 -1
160 1119 -1
160 1727 1
160 2465 -1
161 551 -1
161 1200 -1
161 1595 1
162 477 1
162 782 1
162 2331 -1
162 2807 1
163 641 -1
163 900 1
163 2147 1
163 2957 -1
164 1086 1
164 2783 -1
164 2822 1
164 2868 1
165 225 1
165 2236 -1
165 2867 1
165 2886 1
166 238 1
166 1275 -1
166 1360 -1
166 1730 -1
167 287 -1
167 1625 1
167 1758 -1
167 2339 -1
168 958 1
168 1749 -1
168 2389 -1
168 2505 -1
169 510 1
169 2127 1
169 2792 -1
169 2893 1
170 721 1
170 2193 1
170 2402 -1
170 2955 1
171 864 1
171 2180 -1
171 2404 -1
171 2660 1
172 238 1
172 514 1
172 642 -1
172 1621 1
173 315 -1
173 1111 -1
173 1375 1
173 1432 1
174 1051 -1
174 1625 1
174 2405 1
175 829 1
175 1071 1
175 1940 -1
175 2636 -1
176 732 -1
176 2184 1
176 2194 1
176 2456 1
177 394 1
177 502 -1
177 518 1
177 1350 -1
177 1580 -1
177 1722 -1
177 2589 1
177 2999 1
178 402 -1
178 938 1
178 1062 -1
178 2214 -1
179 376 -1
179 400 1
179 1784 1
179 2887 1
180 419 1
180 474 1
180 2612 1
180 2961 -1
181 425 -1
181 942 -1
181 1132 1
181 1183 -1
181 2050 1
181 2241 -1
181 2481 1
181 2540 1
182 311 -1
182 572 -1
182 1837 -1
182 2667 1
183 197 1
183 827 1
183 1034 -1
183 2232 -1
184 338 1
184 460 -1
184 1226 -1
184 1394 1
184 1726 -1
184 1880 1
184 2727 -1
185 462 1
185 1589 -1
185 1641 -1
185 1920 -1
185 1965 1
185 2557 1
185 2844 -1
185 2912 1
186 1071 -1
186 2636 1
186 2874 -1
187 558 -1
187 1370 -1
187 1511 1
187 1534 -1
187 1801 1
187 2219 -1
187 2520 1
187 2984 1
188 1415 -1
188 2074 -1
188 2641 -1
188 2792 1
189 589 1
189 767 -1
189 1230 1
189 2911 1
190 342 1
190 408 1
190 801 1
190 946 -1
190 1292 1
190 1731 -1
191 599 1
191 1181 -1
191 1923 -1
191 1958 1
191 1983 1
191 2344 1
191 2735 1
192 1153 -1
192 1156 1
192 1323 -1
192 1512 -1
192 1943 1
192 2327 1
192 2643 1
192 2823 -1
193 682 -1
193 888 1
193 971 -1
193 980 -1
193 1073 1
193 1578 -1
193 1740 1
193 2535 1
194 428 1
194 1535 1
194 1941 -1
194 2096 1
194 2438 -1
194 2599 1
194 2941 -1
195 602 -1
195 1894 -1
195 1993 -1
195 2314 -1
196 1758 -1
196 2339 1
196 2549 1
197 582 -1
197 670 -1
197 1793 -1
197 2210 -1
197 2793 -1
197 2824 1
197 2851 1
198 206 1
198 535 1
198 1363 -1
198 2544 1
198 2942 -1
199 203 1
199 864 -1
199 899 1
199 1169 -1
199 1383 -1
199 1449 -1
199 2660 -1
199 2722 1
200 592 1
200 669 1
200 2877 -1
201 230 -1
201 523 -1
201 896 1
201 928 1
202 586 -1
202 1472 1
202 1743 -1
202 2875 -1
203 245 -1
203 290 -1
203 1486 1
203 2368 1
203 2404 1
203 2633 1
203 2660 -1
204 906 -1
204 997 -1
204 2159 -1
204 2262 -1
205 454 1
205 1066 -1
205 1399 1
205 2834 -1
206 375 -1
206 874 -1
206 2534 -1
207 1469 1
207 1732 1
207 2221 -1
208 452 1
208 1285 -1
208 1458 1
208 1598 1
208 2555 1
208 2654 -1
208 2938 -1
208 2953 1
209 218 1
209 313 1
209 427 -1
209 513 -1
209 1624 1
209 2463 -1
210 297 1
210 808 -1
210 1760 1
210 2188 -1
210 2422 1
210 2563 -1
210 2715 1
211 425 -1
211 980 1
211 1458 -1
211 1570 -1
211 1674 -1
211 2172 1
211 2662 1
212 1033 -1
212 2437 -1
212 2739 -1
212 2743 -1
213 366 -1
213 1053 -1
213 1313 1
213 1571 -1
214 795 1
214 1781 1
214 2064 -1
214 2070 1
214 2275 1
214 2383 1
215 317 -1
215 694 1
215 1037 1
215 1742 -1
215 1825 1
215 2304 1
215 2507 1
215 2539 1
216 669 1
216 718 1
216 801 1
216 1622 1
216 2222 -1
216 2284 -1
216 2400 -1
217 1757 -1
217 1818 -1
217 2362 -1
217 2508 1
218 1191 -1
218 2371 1
218 2962 -1
219 239 -1
219 813 -1
219 1001 -1
219 1800 -1
220 404 -1
220 777 1
220 2201 -1
221 851 1
221 872 1
221 988 1
221 2388 -1
222 743 -1
222 1150 -1
222 1337 1
222 1733 1
223 1055 -1
223 1638 1
223 2049 -1
223 2521 -1
224 566 -1
224 996 1
224 1533 -1
224 1802 1
225 233 1
225 1822 -1
225 1856 1
225 2012 -1
225 2374 1
225 2738 -1
226 505 1
226 949 1
226 1783 -1
226 2248 1
226 2420 -1
226 2435 1
226 2492 1
227 673 -1
227 2806 -1
227 2867 1
227 2886 -1
228 426 -1
228 1058 1
228 1086 -1
228 2898 -1
229 406 -1
229 1311 -1
229 1623 -1
229 2399 -1
230 1358 1
230 1371 -1
230 1774 -1
231 1662 1
231 2267 1
231 2300 -1
231 2340 -1
232 729 -1
232 1233 -1
232 1306 1
232 1600 1
232 1763 1
232 2243 1
232 2258 -1
232 2981 1
233 511 1
233 750 1
233 786 1
233 1093 1
233 1506 -1
233 2029 1
234 574 -1
234 984 1
234 1429 -1
234 1431 -1
234 2139 -1
234 2472 -1
234 2882 1
235 243 1
235 610 -1
235 2686 -1
236 575 -1
236 629 1
236 959 -1
236 1082 -1
236 1224 1
236 1902 1
236 2124 -1
236 2813 1
237 267 1
237 398 1
237 1662 -1
237 1873 -1
237 2581 1
237 2668 1
237 2892 1
237 2964 -1
238 1224 -1
238 1996 -1
239 953 -1
239 1387 -1
239 2105 -1
240 355 1
240 382 -1
240 2197 1
240 2227 1
241 610 -1
241 1143 1
241 1196 -1
241 1725 -1
241 1781 1
241 2022 1
242 441 1
242 1223 -1
242 1925 1
242 2753 1
243 370 1
243 373 1
243 616 1
243 644 1
243 993 1
243 1021 -1
243 2419 1
244 2133 1
244 2349 1
244 2501 -1
245 583 -1
245 2189 -1
245 2249 1
246 869 -1
246 1168 1
246 1823 1
246 2947 -1
247 308 1
247 1846 -1
247 2764 1
248 969 1
248 1007 1
248 1131 -1
248 1281 -1
249 838 1
249 1237 -1
249 1656 1
249 1797 1
249 2071 1
249 2548 1
249 2666 -1
249 2906 -1
250 382 -1
250 1619 1
250 2227 -1
250 2318 -1
251 445 1
251 672 -1
251 1438 -1
252 1077 -1
252 1263 1
252 1395 1
252 2187 -1
253 441 1
253 2075 -1
253 2173 -1
253 2919 -1
254 747 -1
254 835 1
254 853 1
254 952 1
255 723 -1
255 1134 1
255 2411 -1
255 2816 -1
256 359 -1
256 883 -1
256 1272 -1
256 2275 1
257 540 1
257 2068 -1
258 533 -1
258 604 -1
258 1392 -1
258 1417 -1
258 1768 1
258 1917 1
258 2171 1
258 2837 1
259 292 -1
259 1240 -1
259 1693 1
259 2312 -1
260 690 -1
260 1083 -1
260 1525 -1
260 2780 1
261 1417 -1
261 1720 -1
261 1758 1
261 1768 -1
262 1627 1
262 1934 -1
262 2300 -1
262 2367 -1
263 412 1
263 1477 1
263 2273 1
264 544 1
264 1331 1
264 1548 1
264 2260 -1
265 946 1
265 1586 -1
265 1765 -1
265 2055 1
266 524 -1
266 731 1
266 1056 1
266 1123 -1
266 1511 1
266 1757 -1
266 1813 -1
266 2508 1
267 360 1
267 464 -1
267 549 -1
267 829 1
267 2248 1
267 2396 -1
267 2413 -1
268 835 1
268 1115 1
268 1471 1
268 1698 1
268 1824 1
268 2033 -1
268 2137 -1
268 2752 -1
269 744 1
269 1538 -1
269 2328 -1
269 2585 -1
270 309 1
270 2008 -1
270 2174 1
270 2571 -1
271 516 -1
271 1849 1
271 2547 1
271 2653 -1
272 1056 1
272 1511 1
272 2847 -1
273 699 -1
273 1349 -1
273 1357 1
273 2225 1
273 2581 -1
273 2604 -1
273 2661 -1
273 2845 -1
274 365 1
274 732 -1
274 1233 -1
274 1444 1
274 1910 1
274 1968 1
274 2797 -1
274 2981 1
275 978 -1
275 1138 1
275 1235 -1
275 1701 -1
276 777 1
276 825 -1
276 1671 1
277 879 -1
277 928 1
277 1290 1
277 1583 -1
278 290 -1
278 1587 -1
278 1756 -1
278 2404 -1
279 1218 1
279 2078 1
279 2116 1
280 1409 -1
280 1585 -1
280 2811 -1
281 454 1
281 1066 -1
281 1635 1
281 2296 -1
282 656 1
282 1361 1
282 2341 1
283 478 -1
283 920 1
283 2840 -1
283 2987 1
284 623 1
284 1293 1
284 1627 1
284 2346 1
284 2450 -1
284 2490 -1
284 2740 1
284 2847 1
285 1750 -1
285 1784 1
285 1925 -1
285 2003 -1
285 2222 -1
285 2284 -1
285 2397 -1
285 2493 -1
286 500 1
286 878 1
286 2317 1
286 2652 -1
287 429 -1
287 461 -1
287 1224 1
287 2287 -1
287 2813 -1
287 2830 1
287 2884 -1
288 1489 1
288 2251 1
288 2525 1
288 3000 1
289 1292 1
289 1727 -1
289 2462 1
289 2465 1
290 401 -1
290 583 1
290 694 -1
290 1668 -1
290 2337 -1
290 2585 -1
291 1509 -1
291 2077 -1
291 2315 1
292 1593 1
292 1681 -1
292 2093 1
293 852 1
293 854 -1
293 2089 -1
293 2275 1
294 322 -1
294 329 1
294 1184 1
294 1562 -1
294 1921 -1
294 1984 1
294 2281 1
294 2469 -1
295 829 -1
295 1529 1
295 1940 -1
295 2413 1
296 804 -1
296 2369 1
296 2982 1
297 503 -1
297 1026 1
297 1122 1
297 1480 -1
297 1637 1
297 2037 1
297 2595 -1
298 339 -1
298 987 -1
298 2072 -1
298 2340 -1
299 678 -1
299 2088 1
299 2295 1
299 2679 1
300 852 -1
300 933 1
300 1039 1
300 1289 1
300 1528 -1
300 1925 1
300 2089 1
300 2601 -1
301 594 1
301 700 -1
301 1256 -1
301 1460 -1
301 1565 -1
301 1827 1
301 2637 1
301 2945 1
302 1217 1
302 1431 -1
302 2466 -1
303 2761 1
303 2763 1
303 2803 1
304 709 1
304 1022 1
304 1588 -1
304 1597 1
304 1716 -1
304 2624 -1
304 2658 -1
304 2883 1
305 1426 -1
305 1836 1
305 2261 -1
306 1354 -1
306 1561 1
306 1584 1
306 1675 -1
307 333 -1
307 1115 1
307 2120 -1
307 2957 1
308 343 1
308 897 -1
308 1420 -1
308 1993 1
308 2076 -1
308 2583 -1
308 2766 -1
309 614 -1
309 722 1
309 1340 -1
309 1413 -1
309 2277 1
309 2532 -1
310 1614 1
310 1688 1
310 2277 -1
311 688 1
311 774 1
311 2147 -1
311 2211 1
311 2392 1
311 2701 1
312 1081 -1
312 1187 -1
312 1472 -1
312 1501 1
312 1577 1
312 1743 -1
312 2023 1
312 2765 1
313 556 1
313 2495 1
313 2606 1
314 1511 -1
314 1534 1
314 1764 1
314 2682 1
315 546 -1
315 1464 1
315 2946 1
316 593 -1
316 600 1
316 1490 -1
316 2714 1
317 608 1
317 899 1
317 1729 -1
318 607 1
318 1002 -1
318 1972 1
318 1989 -1
319 1630 1
319 1838 -1
319 2711 -1
319 2972 1
320 1929 -1
320 2074 -1
320 2301 1
321 900 1
321 2133 -1
321 2147 1
321 2501 -1
322 1055 1
322 1728 1
322 2443 -1
323 604 1
323 1462 -1
323 1684 -1
324 728 -1
324 1248 -1
324 1429 -1
324 2317 1
325 342 1
325 946 -1
325 1276 -1
325 1663 -1
325 1883 1
325 2055 1
325 2467 1
325 2916 1
326 498 -1
326 1646 -1
326 1894 -1
326 2603 -1
327 614 1
327 2500 1
327 2532 1
327 2888 -1
328 347 1
328 379 -1
328 873 -1
328 879 1
328 1242 1
328 1616 -1
328 1775 -1
328 2729 1
329 684 1
329 1197 -1
329 1790 -1
329 2318 1
329 2414 1
329 2443 1
329 2757 1
330 1090 -1
330 1142 -1
330 1863 1
331 1484 -1
331 1501 1
331 1577 -1
331 1970 -1
331 2237 1
331 2579 1
331 2680 1
331 2881 1
332 724 -1
332 1360 -1
332 1730 1
332 2429 1
333 469 1
333 909 1
333 1006 1
333 1177 1
333 1339 -1
334 360 -1
334 829 1
334 2305 -1
334 2636 -1
335 780 -1
335 966 1
335 2017 -1
335 2890 -1
336 735 1
336 1847 1
336 2040 -1
336 2614 1
337 418 1
337 883 1
337 1712 -1
337 2442 -1
338 472 1
338 478 -1
338 728 -1
338 1369 1
338 2115 1
338 2353 1
339 658 1
339 1257 -1
339 2099 1
339 2236 -1
339 2477 1
339 2673 -1
339 2704 1
340 1201 -1
340 1253 1
340 2922 -1
340 2924 -1
341 1558 -1
341 2414 1
341 2489 1
341 2868 -1
342 1648 1
342 1654 -1
343 421 1
343 1658 1
343 1839 -1
343 1949 -1
343 2294 1
343 2764 -1
344 529 1
344 650 -1
344 666 1
344 846 -1
344 1399 1
344 1665 1
345 401 1
345 717 1
345 1110 1
345 1933 1
346 852 -1
346 1377 1
346 1925 -1
346 2753 1
347 413 1
347 685 -1
347 2216 -1
348 731 1
348 891 -1
348 2275 -1
348 2974 1
349 1145 1
349 1242 -1
349 2582 -1
349 2862 -1
350 887 -1
350 1155 1
350 1751 -1
350 1892 1
351 383 -1
351 562 -1
351 832 1
351 985 -1
351 1109 -1
351 1464 1
351 2084 -1
351 2441 -1
352 1840 1
352 2413 1
352 2712 -1
352 2733 -1
353 477 1
353 1833 1
353 1951 1
353 2160 1
353 2438 -1
353 2464 1
353 2941 1
354 640 -1
354 2584 -1
354 2665 1
355 678 1
355 1227 1
355 2588 1
356 615 -1
356 742 1
356 1200 -1
356 1683 -1
356 1977 -1
356 2110 -1
356 2235 -1
356 2512 -1
357 970 1
357 1891 1
357 2070 -1
357 2417 1
358 1782 1
358 2063 1
358 2380 1
358 2902 -1
359 482 -1
359 725 1
359 1074 1
360 1476 1
360 2332 1
361 1260 1
361 1283 -1
361 1995 1
361 2984 1
362 1125 1
362 2391 -1
362 2880 1
363 755 1
363 1923 1
363 2231 1
363 2453 -1
363 2459 1
363 2737 -1
363 2774 -1
364 693 1
364 1524 1
364 2252 -1
365 1475 1
365 2514 -1
365 2545 1
366 770 1
366 963 1
366 1567 1
367 926 -1
367 1274 -1
367 2374 1
367 2609 1
368 514 -1
368 642 -1
368 2256 -1
369 984 -1
369 1162 1
369 2755 -1
370 2306 1
370 2346 -1
370 2638 1
371 429 1
371 1313 -1
371 2843 1
372 484 1
372 622 1
372 774 -1
372 1122 1
372 1239 1
372 1637 1
372 1885 -1
372 2179 -1
373 422 -1
373 1363 -1
373 1447 -1
373 1809 1
373 2167 1
373 2242 1
374 398 1
374 1127 -1
374 1350 1
374 2832 1
375 800 -1
375 2015 -1
375 2026 1
376 1042 1
376 2064 -1
376 2632 -1
377 1121 -1
377 1398 1
377 1682 1
377 1866 -1
378 782 1
378 1883 -1
378 2427 1
378 2534 -1
379 411 1
379 2216 1
379 2530 1
380 838 -1
380 1237 1
380 2369 -1
380 2942 -1
381 475 1
381 959 1
381 1075 -1
381 1094 1
381 1558 -1
381 1898 1
381 2124 1
381 2224 -1
382 2250 1
382 2590 -1
383 1268 -1
383 1895 1
383 2958 1
384 926 1
384 1334 -1
384 2235 -1
384 2990 1
385 1051 -1
385 1459 1
385 1681 1
385 1741 1
385 1893 1
385 2040 -1
385 2196 1
385 2288 1
386 684 1
386 1197 -1
386 2439 -1
386 2724 -1
387 1172 -1
387 1389 -1
387 1772 -1
387 2278 -1
388 850 -1
388 1553 1
388 1977 -1
388 2658 1
389 666 1
389 943 -1
389 1710 1
389 2741 -1
390 498 1
390 610 -1
390 1963 1
390 2909 1
391 430 -1
391 1262 1
391 2646 -1
391 2848 1
392 795 -1
392 1891 1
392 2070 -1
392 2155 -1
393 1110 1
393 1208 1
393 1431 -1
393 1933 -1
393 2029 -1
394 396 1
394 1228 -1
394 1314 -1
394 1860 1
394 1949 1
394 2190 -1
394 2325 -1
395 1789 -1
395 1951 1
395 2031 1
395 2158 -1
396 1010 -1
396 1340 1
396 1612 1
397 1060 1
397 1833 -1
397 2160 1
397 2576 1
398 696 1
398 1762 -1
398 1968 -1
398 2042 -1
398 2535 1
399 1083 -1
399 1371 1
399 2067 1
399 2573 1
399 2677 -1
399 2723 -1
399 2878 1
400 1548 -1
400 2064 -1
401 1170 1
401 1378 1
401 2383 1
401 2553 -1
402 2268 -1
402 2491 -1
403 648 -1
403 1275 -1
403 2153 1
403 2559 -1
404 715 1
404 1711 -1
404 2149 -1
405 709 1
405 836 -1
405 1588 -1
405 2634 -1
406 769 1
406 1091 1
406 1563 1
407 479 1
407 730 1
407 1590 -1
407 1605 1
408 1094 1
408 1694 1
408 2124 1
409 777 1
409 1671 1
409 2094 1
409 2773 1
410 944 1
410 1514 1
410 1552 1
410 1971 -1
411 873 1
411 1411 1
411 2215 -1
412 740 1
412 1104 -1
412 1734 1
413 616 1
413 1269 -1
413 1592 1
413 1775 -1
413 2395 -1
413 2876 1
413 2930 -1
414 447 -1
414 510 1
414 2103 1
414 2127 1
414 2828 -1
414 2843 1
415 1713 -1
415 1769 -1
415 1926 -1
415 2549 1
416 984 1
416 1178 -1
416 1340 -1
416 2279 -1
417 531 -1
417 577 1
417 674 -1
417 884 -1
417 2333 1
417 2353 -1
417 2848 -1
417 2928 -1
418 597 1
418 859 1
418 2104 1
418 2535 -1
418 2620 -1
418 2845 1
419 1687 1
419 2627 -1
419 2695 1
420 623 1
420 849 -1
420 2379 -1
420 2840 1
421 544 1
421 1992 -1
421 2583 -1
422 428 1
422 1455 1
422 2096 1
423 1501 -1
423 2237 1
423 2793 1
423 2851 1
424 1267 1
424 2787 1
424 2900 -1
425 894 -1
425 1016 -1
425 1320 -1
425 2254 -1
426 1972 -1
426 2087 1
426 2314 -1
427 1347 -1
427 1459 -1
427 2495 -1
428 863 -1
428 1809 -1
428 1820 1
428 2630 -1
428 2794 -1
428 2814 1
429 616 -1
429 1625 1
429 2364 1
429 2531 -1
429 2605 -1
429 2998 1
430 444 1
430 1105 -1
430 1387 1
430 1547 1
430 2600 -1
430 2752 -1
431 1172 -1
431 2046 -1
431 2060 1
432 780 -1
432 977 -1
432 1221 -1
432 2890 1
433 556 1
433 1905 -1
433 2495 1
433 2936 1
434 676 1
434 1082 1
434 1603 -1
434 1701 -1
434 2178 -1
434 2315 1
434 2407 -1
434 2692 -1
435 663 1
435 1535 -1
435 2943 -1
435 2980 -1
436 1475 1
436 1519 -1
436 2514 1
437 588 -1
437 594 1
437 871 -1
437 1143 -1
437 1256 -1
437 1513 1
437 2169 -1
437 2229 1
438 694 -1
438 1292 -1
438 1731 1
438 2264 1
439 879 1
439 1289 1
439 1616 1
439 2676 1
440 764 -1
440 918 -1
440 1327 -1
440 1714 1
440 1966 1
440 2291 1
440 2554 -1
441 746 -1
441 1606 1
441 2235 -1
441 2784 1
441 2799 -1
442 1019 -1
442 1559 1
442 2836 -1
442 2937 1
443 769 1
443 1751 -1
443 1825 1
443 1864 -1
444 516 -1
444 2530 1
444 2589 1
445 1078 -1
445 1280 -1
446 2031 -1
446 2156 -1
446 2311 -1
446 2678 1
447 619 1
447 759 -1
447 767 1
447 931 -1
447 1301 -1
447 2015 1
447 2223 1
448 1601 -1
448 2578 -1
448 2684 -1
449 1151 -1
449 1187 1
449 1480 -1
449 2037 -1
449 2058 1
449 2375 1
449 2765 1
449 2789 -1
450 999 1
450 1346 -1
450 2831 -1
451 590 1
451 607 -1
451 633 1
451 707 1
451 2346 1
451 2656 -1
451 2880 1
452 1139 -1
452 1439 -1
452 1653 -1
453 1201 1
453 1883 1
453 2028 1
453 2316 1
454 1367 -1
454 1712 -1
455 1214 -1
455 1438 1
455 1615 -1
455 2191 1
456 881 1
456 1411 1
456 2066 1
456 2189 -1
456 2217 1
456 2803 1
457 1641 -1
457 2001 -1
457 2112 -1
457 2844 1
458 917 1
458 1118 1
458 1280 -1
458 1703 -1
458 1878 1
458 2545 1
458 2693 -1
458 2725 -1
459 682 1
459 702 -1
459 921 -1
459 1046 -1
459 1073 1
459 1131 1
459 2663 -1
459 2668 -1
460 1174 -1
460 1744 1
460 1848 -1
460 2105 1
460 2176 1
460 2794 1
461 1758 -1
461 2016 1
462 971 1
462 1241 -1
462 2233 -1
463 980 -1
463 1011 1
463 2101 -1
463 2237 1
463 2515 -1
463 2728 -1
463 2815 1
463 2978 1
464 1476 -1
464 1760 1
464 2422 1
465 572 -1
465 1186 1
465 1587 1
465 2888 1
466 624 1
466 736 -1
466 1539 1
466 2945 1
467 490 1
467 547 1
467 660 1
467 1031 1
467 2259 1
467 2685 -1
467 2957 -1
467 2977 -1
468 726 -1
468 1229 -1
468 1468 -1
468 2633 -1
469 1115 1
469 1203 1
469 1997 1
470 530 -1
470 1415 -1
470 1715 -1
470 2641 -1
471 547 -1
471 1031 -1
471 1808 1
471 2265 -1
471 2621 1
471 2809 1
472 1295 -1
472 1853 1
472 2130 -1
472 2483 1
472 2775 -1
472 2799 -1
473 1287 -1
473 1400 -1
473 2104 1
473 2176 -1
473 2182 1
473 2263 1
473 2610 -1
474 487 1
474 1920 -1
474 2758 1
475 2471 -1
475 2716 1
475 2969 -1
476 902 -1
476 1791 1
476 2263 -1
476 2596 -1
477 692 1
477 973 -1
477 2006 1
477 2067 1
477 2176 1
478 1776 -1
478 2107 -1
479 1201 -1
479 1384 -1
479 1556 1
479 1698 -1
479 1883 1
479 1961 1
479 2467 -1
480 731 -1
480 891 1
480 1349 1
480 2162 1
481 1117 1
481 1612 1
481 1945 1
481 2625 -1
482 745 1
482 956 -1
482 1552 1
482 1623 -1
482 2196 -1
483 993 -1
483 1762 -1
483 2154 1
483 2845 -1
484 515 1
484 1079 -1
484 1100 -1
484 1128 1
484 1179 -1
484 2700 -1
484 2804 -1
485 1109 1
485 1132 1
485 1183 -1
485 2705 1
486 891 1
486 2177 -1
486 2268 -1
486 2491 1
487 717 -1
487 1194 1
487 1400 1
487 1435 -1
487 1863 1
487 2612 -1
488 1601 -1
488 2028 1
488 2316 -1
488 2684 -1
489 1848 -1
489 1877 -1
489 2436 1
489 2798 -1
490 781 -1
490 1124 -1
490 1238 -1
490 1572 1
490 1652 -1
490 1730 1
490 1780 1
491 851 1
491 866 1
491 872 -1
491 1324 -1
492 1228 -1
492 2190 -1
492 2778 -1
493 662 1
493 1212 -1
493 1547 -1
493 1698 -1
493 2060 -1
493 2111 -1
493 2233 -1
493 2752 -1
494 577 1
494 906 -1
494 1448 1
494 1581 1
494 1968 1
494 2159 -1
494 2433 -1
494 2928 1
495 1920 1
495 1964 1
495 1965 -1
495 2758 1
496 971 1
496 2693 -1
496 2725 -1
497 886 -1
497 1201 -1
497 1677 -1
497 1711 -1
497 1863 1
497 2062 1
497 2261 1
498 860 -1
498 1244 1
498 1412 -1
498 2419 -1
498 2749 1
498 2991 -1
499 1617 1
499 1770 -1
499 2541 -1
500 1315 -1
500 1442 -1
500 1914 1
500 1950 1
500 2232 -1
500 2885 -1
500 2891 -1
501 1433 1
501 1907 1
501 2524 1
501 2730 -1
502 1427 1
502 1652 1
502 2135 -1
502 2325 1
502 2403 1
502 2475 -1
502 2921 1
503 932 1
503 1210 1
503 1411 1
503 1508 -1
503 1589 -1
503 2752 -1
503 2968 -1
504 959 1
504 1478 1
504 1637 1
504 1703 -1
504 1879 -1
504 1885 1
504 1902 -1
504 2367 -1
505 1188 -1
505 1761 1
505 2653 -1
506 1237 1
506 1348 -1
506 1530 -1
506 1716 -1
506 2144 -1
506 2608 1
506 2816 -1
507 860 -1
507 1869 -1
507 1985 1
507 2857 1
508 1067 1
508 1150 1
508 1418 1
508 2417 1
509 885 -1
509 1551 -1
509 2056 1
509 2131 1
510 638 -1
510 747 1
510 762 1
510 835 -1
510 1471 -1
510 2575 1
511 554 -1
511 886 1
511 1856 -1
512 902 -1
512 1540 -1
512 1771 -1
512 1791 -1
513 1208 -1
513 1324 1
513 2677 -1
514 1024 -1
514 1114 1
514 1768 1
514 1917 1
514 2307 1
514 2389 1
515 1513 1
515 1599 -1
515 1805 -1
515 2244 1
515 2472 -1
515 2646 1
515 2848 1
516 910 -1
516 1904 1
516 2215 -1
516 2600 1
516 2773 1
516 2917 -1
517 1844 -1
517 1916 -1
517 2663 -1
517 2872 1
518 668 1
518 727 -1
518 1243 1
518 1257 1
518 2141 1
518 2363 -1
518 2545 -1
519 1312 -1
519 1497 1
519 2582 1
519 2697 1
520 893 -1
520 1176 1
520 1198 1
520 2841 1
521 855 -1
521 946 -1
521 1200 -1
521 1542 1
522 1434 -1
522 1767 -1
522 1842 -1
522 2272 -1
523 1108 1
523 1561 1
523 1584 1
524 787 1
524 1072 1
524 1135 -1
524 2302 1
524 2798 1
524 2820 1
525 616 1
525 993 1
525 1625 -1
525 2154 -1
526 641 -1
526 1562 1
526 2147 -1
526 2469 -1
527 564 -1
527 756 1
527 1643 1
527 1873 -1
527 2581 -1
527 2771 1
527 2975 1
528 1015 1
528 1160 -1
528 2324 1
529 1738 -1
529 1946 1
529 2687 1
530 913 1
530 1764 1
530 2672 1
531 565 1
531 1415 1
531 2297 -1
531 2353 -1
531 2365 -1
531 2378 1
531 2401 1
532 2570 1
532 2635 -1
532 2858 -1
532 2952 -1
533 1176 1
533 2101 1
533 2747 -1
534 1193 1
534 1657 1
534 2997 -1
535 722 -1
535 1048 1
535 1178 -1
535 1300 -1
535 1340 1
535 2214 -1
535 2537 1
536 612 1
536 910 -1
536 1259 1
536 1291 -1
536 1842 -1
536 1904 -1
536 2039 -1
536 2389 -1
537 800 -1
537 1365 1
537 2015 1
537 2548 -1
538 993 -1
538 1021 -1
538 1206 -1
538 1336 1
538 2135 1
538 2225 -1
538 2403 -1
538 2845 1
539 543 -1
539 2040 1
539 2708 -1
539 2856 1
540 1485 1
540 1543 -1
540 2549 -1
541 639 -1
541 1402 -1
541 1664 -1
541 1755 1
542 1038 -1
542 1483 1
542 1510 -1
542 2759 -1
543 656 -1
543 676 1
543 910 -1
544 739 -1
544 1493 1
544 1857 1
544 2044 1
544 2888 1
545 749 -1
545 1316 -1
545 2688 -1
546 855 -1
546 946 -1
546 1432 1
547 675 1
547 1780 -1
548 1019 1
548 1250 1
548 2412 -1
548 2903 1
549 1844 -1
549 2663 -1
549 2668 -1
550 893 -1
550 899 -1
550 941 -1
550 942 -1
550 1535 -1
550 2051 -1
550 2241 -1
550 2442 1
551 1206 -1
551 1336 1
551 2118 -1
552 878 -1
552 1085 1
552 1499 -1
552 2920 -1
553 764 1
553 2286 1
553 2449 1
553 2605 1
554 839 -1
554 1300 1
554 1319 -1
555 1183 1
555 2020 1
555 2457 -1
555 2540 1
556 1124 -1
556 1572 -1
557 1726 1
557 2503 1
557 2524 -1
557 2730 -1
558 1520 1
558 2303 -1
559 961 -1
559 1576 -1
559 1614 1
559 2753 1
560 714 1
560 1267 1
560 2713 -1
560 2799 1
561 869 1
561 1315 -1
561 2320 -1
561 2839 -1
562 1493 1
562 1674 1
562 2218 1
563 1241 1
563 1698 1
563 1724 -1
563 2233 -1
563 2322 -1
563 2611 1
563 2700 -1
563 2749 1
564 1071 1
564 2450 1
564 2689 -1
565 1407 1
565 1607 1
565 1840 -1
566 1767 1
566 2069 1
566 2272 -1
567 729 -1
567 1238 1
567 1600 1
567 2950 -1
568 675 -1
568 896 1
568 2475 1
568 2649 1
569 635 -1
569 1577 -1
569 2212 1
569 2291 1
570 852 -1
570 963 -1
570 1070 1
570 1372 1
570 1383 1
570 1567 1
570 2047 -1
570 2552 1
571 911 -1
571 1004 -1
571 2007 1
571 2266 1
571 2336 -1
571 2353 -1
571 2365 -1
571 2988 1
572 576 -1
572 1009 -1
572 1075 -1
572 2166 1
572 2211 -1
572 2827 -1
573 979 -1
573 986 1
573 1052 1
573 1826 1
574 2110 -1
574 2127 1
574 2792 1
575 1142 -1
575 1787 -1
575 2547 -1
576 773 -1
576 2479 1
576 2543 1
577 974 -1
577 1775 1
577 1918 1
577 2000 1
577 2762 1
577 2930 1
578 1267 1
578 2799 -1
578 2878 -1
579 658 -1
579 1241 1
579 2611 -1
579 2704 -1
580 979 -1
580 985 -1
580 1847 -1
580 2000 -1
581 981 1
581 1025 1
581 1232 -1
581 1234 -1
581 1502 1
581 2188 1
581 2565 -1
582 1088 1
582 2221 1
582 2232 -1
582 2619 -1
582 2672 -1
582 2707 -1
583 1444 -1
583 1910 1
584 1206 1
584 2068 1
584 2403 -1
585 1385 1
585 1794 1
585 2293 -1
585 2656 1
586 1600 -1
586 1713 1
587 1490 1
587 1592 1
587 2662 1
587 2714 1
587 2788 -1
587 2876 -1
587 2934 1
588 972 1
588 1120 -1
588 2661 1
588 2841 1
588 2979 -1
588 2980 1
589 2287 -1
589 2884 -1
589 2932 1
590 1298 1
590 1977 -1
590 2093 -1
590 2111 1
590 2174 1
590 2356 -1
590 2685 -1
591 1148 -1
591 1155 -1
591 1376 1
591 2783 1
592 872 1
592 928 1
592 1368 -1
592 1626 -1
592 2046 1
592 2255 -1
592 2388 1
593 1511 -1
593 1665 1
593 1815 1
593 2073 1
593 2682 1
594 930 -1
594 1003 1
595 1385 1
595 1641 -1
595 2030 -1
595 2656 1
596 1038 -1
596 1152 1
596 1211 -1
596 1273 1
596 1695 1
596 2409 -1
596 2849 -1
597 1279 -1
597 1573 1
597 1964 1
597 2229 -1
597 2855 1
597 2898 -1
597 2943 -1
598 1157 1
598 2211 -1
598 2729 1
598 2877 1
599 2253 -1
599 2591 1
600 2073 -1
600 2167 -1
600 2521 -1
601 761 1
601 2051 -1
601 2518 1
601 2575 1
602 1412 1
602 1552 1
602 2662 -1
603 795 1
603 1213 1
603 2097 1
603 2732 1
604 2101 -1
604 2889 1
605 611 1
605 850 -1
605 1634 1
605 1942 -1
605 2340 -1
605 2640 1
605 2658 1
605 2706 -1
606 1323 1
606 2254 -1
606 2271 -1
606 2823 1
607 1341 1
607 2174 -1
608 1044 1
608 1446 1
608 2304 -1
609 1167 1
609 2284 1
609 2432 -1
609 2791 1
610 817 1
610 1676 -1
610 1705 1
610 1952 -1
610 2419 1
611 667 1
611 1297 -1
611 1546 1
611 1983 1
611 2421 -1
611 2466 -1
611 2944 1
612 802 -1
612 1044 1
612 1119 1
612 1900 1
612 2465 -1
612 2473 -1
613 738 -1
613 755 -1
613 2453 1
614 650 1
614 1305 1
615 1431 -1
616 685 -1
616 2297 -1
616 2306 -1
616 2353 1
617 1540 -1
617 1687 -1
617 1771 -1
617 2183 1
618 907 1
618 1207 -1
618 1260 1
618 1901 -1
619 1893 1
619 2103 1
619 2288 -1
619 2514 1
619 2665 1
619 2670 1
620 800 1
620 1642 1
620 2548 1
620 2764 1
621 1213 -1
621 2640 1
621 2658 -1
621 2732 -1
622 1318 1
622 2582 1
622 2865 -1
623 1363 -1
623 2200 1
624 765 -1
624 1832 1
624 1931 -1
625 999 1
625 1250 -1
625 1430 -1
625 2542 1
626 1604 1
626 2071 -1
626 2257 -1
626 2906 1
627 1267 1
627 1284 -1
627 1461 1
627 1823 1
627 2119 -1
627 2963 -1
627 2998 -1
628 865 1
628 891 1
628 1349 -1
628 2581 -1
629 663 -1
629 1283 1
629 1445 -1
629 1714 1
629 1787 1
629 2116 1
629 2702 -1
630 1322 -1
630 1356 1
630 1469 -1
630 2425 -1
631 816 -1
631 1850 -1
631 2192 1
631 2400 1
632 1051 1
632 2087 1
632 2177 -1
632 2405 -1
633 785 -1
633 918 -1
633 923 1
633 981 -1
633 1175 1
633 1394 -1
634 725 1
634 878 -1
634 1132 1
634 1499 1
635 1000 1
635 1041 1
635 1374 1
635 1805 -1
635 1923 1
635 2197 -1
635 2244 1
636 1866 -1
636 2218 1
636 2431 1
636 2567 1
637 723 -1
637 1322 1
637 1356 -1
638 1743 -1
638 2765 -1
638 2832 1
639 699 -1
639 791 -1
639 944 1
639 976 1
639 2092 -1
639 2404 -1
640 927 1
640 1088 1
640 1727 1
640 1963 1
640 2032 -1
640 2221 1
641 1222 1
641 2905 1
642 1074 1
642 1224 1
643 858 -1
643 1161 1
643 1313 1
643 2440 1
644 650 1
644 831 -1
644 1002 1
644 1447 -1
644 1702 -1
644 2198 -1
644 2329 1
645 837 1
645 1220 1
645 1479 -1
645 1607 1
646 888 1
646 939 -1
646 1405 1
646 1578 1
647 1804 1
647 1899 1
647 2084 1
647 2766 1
648 1478 1
648 1733 -1
648 2860 1
649 982 1
649 1545 1
649 1631 -1
649 1695 -1
650 965 1
650 1452 -1
650 1516 1
650 2500 1
650 2870 1
651 883 1
651 1272 1
651 1717 -1
651 2454 -1
652 680 1
652 1553 1
652 1627 1
652 2394 -1
653 682 -1
653 834 1
653 1673 1
653 1824 1
654 822 1
654 1155 1
654 1686 1
654 2795 1
655 1353 -1
655 1592 -1
655 1609 1
655 2788 1
656 795 1
656 854 1
656 1460 -1
656 2275 1
656 2637 -1
656 2708 -1
657 954 -1
657 991 -1
657 1290 1
657 2550 -1
658 1325 -1
658 2655 1
659 661 -1
659 811 1
659 1701 1
659 2826 1
660 816 -1
660 904 1
660 1496 1
660 1679 -1
660 2296 -1
660 2642 -1
660 2736 1
661 1165 -1
661 1557 1
661 2146 -1
662 885 1
662 1981 1
663 754 1
663 1769 -1
664 1107 -1
664 1199 1
664 1960 -1
665 755 -1
665 2508 1
665 2737 1
665 2935 1
666 1380 1
666 2870 1
667 785 1
667 1106 1
667 1942 -1
668 1434 1
668 2522 -1
668 2999 1
669 811 -1
669 940 1
669 2046 1
669 2386 1
669 2408 1
669 2862 1
670 827 1
670 1055 1
670 2443 1
671 898 1
671 1482 -1
671 1834 -1
671 2197 -1
672 1280 1
672 1900 1
672 1963 1
673 1100 1
673 1133 -1
674 795 -1
674 2512 -1
674 2732 -1
675 1368 1
675 1626 1
675 2265 1
675 2494 1
675 2619 1
676 924 1
676 1043 -1
676 1900 -1
676 2130 1
676 2637 -1
676 2964 1
677 2151 1
677 2563 1
677 2715 1
677 2885 -1
678 898 1
678 932 -1
678 1210 1
678 2197 1
678 2664 -1
679 737 -1
679 1799 -1
679 1856 -1
679 2012 -1
679 2043 1
679 2286 1
679 2963 -1
680 873 1
680 974 1
680 1490 1
680 1775 -1
680 1788 1
680 2078 -1
681 1005 -1
681 1020 1
681 1507 -1
681 1886 -1
681 2031 -1
681 2584 -1
681 2678 -1
682 1030 -1
682 1096 1
682 1299 -1
683 861 1
683 1747 1
683 2161 1
683 2961 -1
684 712 -1
684 1055 1
684 2210 -1
684 2283 1
684 2879 1
684 2893 -1
685 727 -1
685 936 1
686 809 1
686 1259 -1
686 1607 -1
686 1840 1
687 1736 -1
687 2116 1
687 2117 1
687 2541 1
688 773 1
688 977 1
688 1044 -1
688 1221 -1
688 1446 1
688 2479 1
689 1259 -1
689 1434 -1
689 1842 -1
689 2999 1
690 823 1
690 1373 -1
690 1489 -1
691 1418 1
691 2201 -1
691 2951 -1
692 1509 -1
692 1643 1
693 1168 -1
693 2193 -1
693 2955 1
694 756 1
694 1444 -1
694 1587 -1
694 1737 1
694 2850 1
695 939 -1
695 1405 -1
695 1587 -1
695 2559 -1
696 760 -1
696 1350 -1
696 2193 -1
697 1288 -1
697 1314 -1
697 1860 1
697 2603 -1
698 859 1
698 1112 1
698 1282 -1
698 2337 1
699 733 -1
699 743 -1
699 1337 -1
699 1785 -1
699 2065 -1
699 2678 -1
700 1498 -1
700 2248 -1
700 2396 -1
701 989 -1
701 1104 1
701 1232 -1
701 1502 -1
702 2429 -1
702 2535 -1
702 2912 -1
703 1625 -1
703 1777 -1
703 2312 -1
704 895 -1
704 949 -1
704 1077 -1
704 1570 -1
704 1951 -1
704 2079 -1
704 2681 -1
705 983 -1
705 1745 1
705 1865 -1
706 2327 1
706 2387 1
706 2800 1
707 1021 1
707 1175 -1
707 1287 -1
707 1546 -1
707 1983 -1
707 2104 1
707 2225 1
708 1073 1
708 2357 1
708 2481 -1
708 2754 1
709 1264 -1
709 2016 1
709 2059 1
709 2570 1
709 2858 -1
710 736 1
710 1674 -1
710 2094 -1
710 2989 1
711 1386 -1
711 1846 -1
711 2002 1
711 2618 1
712 1520 -1
712 1537 1
712 1625 -1
712 1938 1
712 1989 1
712 2405 1
712 2439 -1
713 890 1
713 1526 -1
713 1927 -1
713 2977 1
714 1672 -1
714 1928 -1
714 2140 1
715 844 -1
715 1594 1
715 1956 -1
715 2090 1
715 2240 -1
715 2761 -1
716 901 -1
716 1122 1
716 1239 1
716 1648 -1
716 2063 -1
716 2437 1
716 2626 1
716 2637 1
717 1508 -1
717 1630 -1
717 2510 1
717 2553 -1
717 2711 1
717 2800 -1
718 811 -1
718 2826 1
718 2934 1
719 2526 1
719 2593 1
720 2088 1
720 2500 -1
720 2679 1
720 2959 -1
721 757 -1
721 784 1
721 1092 1
722 1706 1
722 2571 -1
723 1647 1
723 1648 1
723 1654 -1
723 2125 -1
724 875 -1
724 1018 -1
724 1717 1
724 2454 1
724 2665 -1
724 2734 -1
724 2943 -1
725 1466 1
725 1623 -1
725 1722 1
725 1919 1
725 2275 1
725 2974 1
726 1206 -1
726 1585 -1
726 1984 -1
726 2111 -1
726 2551 -1
726 2555 -1
726 2718 -1
727 999 -1
727 1160 1
727 2216 -1
727 2522 1
727 2542 1
728 2107 1
728 2483 -1
729 2359 -1
729 2913 -1
730 755 1
730 1377 1
730 1662 -1
730 1872 -1
730 2508 -1
730 2753 1
731 988 1
731 1634 1
731 1994 1
731 2511 -1
731 2798 1
732 2539 1
733 2091 1
733 2290 -1
734 1249 -1
734 2386 1
734 2408 1
734 2954 1
735 1213 1
735 2292 -1
735 2558 -1
736 1588 -1
736 1597 -1
736 2287 -1
736 2348 -1
736 2459 1
736 2932 -1
737 1257 1
737 1546 -1
737 2104 1
737 2115 -1
737 2289 -1
737 2833 1
737 2845 1
738 1541 -1
738 1588 1
738 2096 -1
738 2106 -1
738 2152 1
738 2348 -1
738 2634 1
739 1135 1
739 1992 -1
739 2245 1
740 980 1
740 1085 1
740 1930 1
740 2101 -1
740 2172 -1
740 2443 1
740 2920 1
741 1019 1
741 1047 1
741 1250 -1
741 1430 1
742 1257 -1
742 1496 1
742 1546 -1
742 2421 -1
742 2736 -1
742 2989 1
743 2290 -1
743 2542 1
744 1146 -1
744 2843 -1
744 2880 1
745 878 -1
745 1074 1
745 2652 -1
746 1662 1
746 1873 -1
746 2753 -1
747 861 -1
747 1014 -1
747 1721 -1
747 2399 -1
747 2769 -1
747 2832 -1
748 1631 1
748 1742 1
748 1939 -1
748 2377 -1
749 2299 -1
749 2301 -1
750 1081 -1
750 1577 1
750 2224 1
751 1101 -1
751 1215 1
751 1651 1
751 1726 -1
751 1822 1
751 2323 -1
751 2600 1
751 2665 -1
752 900 -1
752 1456 -1
752 2021 1
752 2501 1
753 866 1
753 1123 -1
753 1511 1
753 1685 -1
753 2072 -1
753 2379 1
753 2493 -1
753 2840 1
754 820 1
754 1445 1
754 1573 -1
754 2186 1
754 2309 -1
754 2391 -1
754 2943 1
755 989 -1
755 1645 1
755 1800 1
755 2895 -1
756 793 1
756 1796 1
756 1935 1
756 2180 1
756 2264 1
756 2770 1
757 1041 1
757 1857 -1
757 2955 -1
758 949 1
758 1868 -1
758 2420 1
758 2681 1
759 1044 1
759 2041 1
759 2321 1
760 1376 1
760 1968 -1
760 2928 -1
761 1629 1
761 2745 1
762 1246 1
762 2269 1
762 2893 1
763 1237 1
763 2411 1
763 2749 1
763 2816 -1
764 839 -1
764 907 1
764 1300 1
764 1416 1
764 1901 -1
764 2537 -1
765 785 1
765 1027 1
765 1154 1
765 1460 1
765 1539 -1
765 2702 1
765 2989 -1
766 1153 1
766 1634 1
766 2340 -1
766 2511 1
767 1810 -1
768 1129 -1
768 1772 -1
768 2408 1
768 2622 1
769 813 -1
769 1289 1
769 1623 -1
769 1913 1
769 2526 1
769 2596 -1
770 1053 1
770 1298 1
770 2001 1
771 1456 1
771 1583 1
771 1969 1
771 2021 -1
772 1610 1
772 2202 -1
772 2847 -1
773 1075 1
773 1094 1
773 1427 -1
773 2068 1
773 2403 1
773 2682 1
774 1644 -1
774 2246 -1
774 2418 -1
774 2582 -1
774 2700 1
775 798 -1
775 1655 1
775 2090 -1
776 1051 -1
776 1242 -1
777 1830 1
777 2018 1
777 2149 -1
777 2543 -1
778 938 1
778 1227 1
778 1322 -1
778 2214 -1
779 905 1
779 968 1
779 1064 -1
779 1284 1
779 1719 -1
779 1830 1
779 2322 1
779 2817 1
780 1393 -1
780 2954 -1
781 1549 1
781 2356 -1
781 2685 1
782 1943 1
782 2006 1
782 2128 1
782 2502 -1
782 2510 -1
782 2643 1
783 1060 -1
783 1250 -1
783 2012 -1
783 2542 1
783 2572 1
783 2576 -1
783 2738 1
783 2903 -1
784 1041 -1
784 1923 -1
784 1958 -1
785 1226 -1
785 1832 1
785 1880 1
785 1937 -1
785 2466 1
786 1081 1
786 1589 -1
786 2330 1
787 1419 1
787 1462 1
787 1628 -1
787 1709 1
787 2126 1
787 2478 -1
787 2994 1
788 943 -1
788 1151 1
788 1453 1
788 2375 -1
789 798 1
789 1014 -1
789 1094 1
789 1655 1
790 944 1
790 1253 -1
790 1552 1
790 1623 1
791 997 -1
791 1288 -1
791 2211 1
792 1337 -1
792 2095 -1
792 2792 1
792 2893 -1
793 1063 1
793 1095 -1
793 1163 1
794 802 -1
794 1292 -1
794 2187 -1
794 2465 -1
795 884 -1
795 1953 1
796 1142 -1
796 2470 -1
796 2625 -1
796 2881 1
797 2299 -1
797 2450 -1
797 2689 1
799 1016 -1
799 1777 -1
800 2534 -1
801 1694 1
801 2929 1
802 1866 -1
802 2567 1
803 1744 1
803 1857 -1
803 1875 -1
804 1114 -1
804 1397 -1
804 1929 -1
804 1930 -1
804 2172 -1
804 2779 -1
805 1516 -1
805 2500 1
805 2559 1
805 2734 1
806 1150 1
806 1377 -1
806 1872 1
807 885 1
807 1559 1
807 2056 1
807 2974 -1
808 1352 -1
808 1461 -1
808 1563 -1
808 2057 -1
808 2326 -1
808 2595 -1
808 2983 -1
809 980 -1
809 1890 1
809 1915 -1
810 1231 1
810 1575 1
810 1776 -1
812 934 -1
812 1408 1
812 2185 1
812 2318 -1
813 912 1
813 953 -1
814 1132 1
814 2026 -1
814 2742 1
814 2778 1
815 1898 -1
815 2224 1
815 2410 -1
815 2993 -1
816 1373 -1
816 1488 1
817 964 -1
817 2564 1
817 2662 -1
817 2663 -1
817 2714 -1
817 2922 1
818 1322 1
818 1469 -1
818 1861 -1
818 2253 1
819 1173 -1
819 2024 1
819 2171 1
819 2271 -1
819 2370 1
819 2822 1
819 2959 1
820 907 -1
820 982 1
820 1117 -1
820 1207 1
820 1338 -1
820 2471 -1
820 2948 -1
821 1577 -1
821 2212 1
821 2487 1
821 2818 1
822 1255 -1
822 1515 -1
822 2254 -1
822 2320 -1
822 2369 1
822 2942 1
823 1033 -1
823 1286 1
823 1541 1
823 1590 1
823 1689 1
823 2412 1
823 2597 -1
824 1367 -1
824 1781 -1
824 2394 1
824 2897 1
825 950 -1
825 956 1
825 1029 -1
825 2018 1
825 2209 1
825 2904 1
826 1157 -1
826 1624 1
826 2634 1
827 1983 -1
827 2944 -1
828 1893 -1
828 2532 -1
828 2667 1
829 1716 1
829 2608 1
829 2624 1
829 2743 1
830 1518 -1
830 1644 -1
830 1666 1
830 1940 -1
830 2582 1
830 2814 -1
830 2840 1
830 2908 -1
831 1398 -1
831 1866 -1
831 2322 -1
832 1303 -1
832 1361 -1
832 2341 1
833 1622 -1
833 2400 1
833 2776 1
834 1085 -1
834 2529 1
835 2227 1
835 2230 -1
835 2387 -1
835 2502 1
836 1141 -1
836 2059 -1
836 2464 1
837 1715 1
837 2456 -1
837 2641 -1
838 1042 -1
838 1636 1
838 2060 -1
838 2111 -1
838 2452 -1
838 2632 -1
839 1856 -1
839 2286 -1
840 899 1
840 1729 1
840 2051 1
840 2962 -1
841 968 -1
841 1007 1
841 1205 -1
841 1284 1
841 1443 1
841 1617 1
841 2064 -1
842 1797 1
842 1886 -1
842 2143 1
842 2906 1
843 1424 1
843 1806 1
843 2253 1
844 878 1
844 934 -1
844 1074 -1
844 1396 1
844 1732 -1
844 2318 -1
844 2618 1
845 1543 -1
845 1600 -1
845 1713 -1
845 1927 -1
845 2549 1
845 2709 1
845 2814 1
846 1302 1
846 1367 -1
846 1478 1
846 1733 1
846 1882 -1
846 2164 -1
846 2805 1
847 2579 1
847 2680 1
847 2914 -1
847 2918 -1
848 1157 1
848 2390 1
848 2493 -1
849 1363 -1
849 2474 -1
849 2666 1
850 1959 1
850 2626 -1
851 1635 -1
851 2948 -1
852 1149 1
852 1270 1
852 2562 1
852 2873 1
853 861 -1
853 1747 1
853 2023 -1
854 1361 1
854 1371 -1
854 1544 1
854 1572 -1
854 1652 1
854 2866 1
855 1824 1
855 2946 -1
856 1445 -1
856 1573 1
856 2561 -1
856 2639 1
857 966 -1
857 1516 -1
857 2734 1
858 1268 1
858 1976 -1
858 2958 1
859 883 1
860 1618 -1
860 2819 -1
861 1829 1
862 970 -1
862 1249 -1
862 2951 -1
862 2954 -1
863 979 1
863 1052 1
863 2000 -1
864 2289 1
864 2833 1
865 1164 1
865 2283 1
865 2444 -1
865 2538 -1
865 2631 1
865 2750 1
866 967 1
866 1680 -1
866 1990 -1
866 2463 1
866 2673 -1
867 1375 1
867 1667 -1
867 2292 -1
868 1132 -1
868 1901 -1
868 2705 1
868 2827 1
869 1147 -1
869 1793 -1
869 1952 -1
869 2694 -1
869 2767 1
870 1494 -1
870 1978 -1
870 2140 -1
870 2393 -1
871 2313 -1
871 2428 -1
871 2698 1
872 1680 1
873 998 1
874 2026 -1
874 2778 -1
875 1093 -1
875 1204 1
875 2414 1
876 970 -1
876 1418 1
876 2417 1
876 2951 1
877 1376 1
877 1761 1
877 1825 -1
877 2653 1
878 1193 -1
878 1442 -1
878 1657 -1
879 1774 1
879 1782 1
879 2178 -1
879 2315 1
879 2902 -1
880 903 -1
880 1764 1
880 2568 -1
881 909 -1
881 1338 1
881 2940 -1
882 1969 1
882 2056 1
882 2526 1
883 1074 -1
883 1732 -1
883 1814 1
883 2337 -1
884 1996 1
884 2297 1
885 1246 -1
885 1355 -1
885 1812 1
885 2111 -1
886 1067 1
886 1319 -1
886 1418 -1
886 1506 1
886 2959 1
887 1326 -1
887 2596 1
888 922 -1
888 1871 -1
889 1927 -1
889 2113 -1
889 2438 -1
890 1304 -1
890 1307 -1
890 1315 1
890 1679 1
890 1950 -1
890 2134 -1
890 2776 1
891 1521 -1
891 2162 -1
891 2750 1
891 2765 -1
892 1090 1
892 1863 1
892 2105 -1
892 2908 1
893 1343 1
893 2451 -1
894 1011 -1
894 2050 -1
894 2728 1
895 2034 -1
895 2703 1
896 978 1
896 1138 1
896 1371 -1
896 1584 -1
896 1652 -1
896 2265 1
897 1356 1
897 1929 -1
897 2779 -1
898 1339 -1
898 1538 -1
899 1044 -1
899 2623 1
899 2833 -1
901 981 1
901 1278 1
901 1415 -1
901 1645 -1
901 1800 1
901 2993 1
902 2509 1
902 2960 1
903 1118 -1
903 1126 -1
903 1280 1
903 1895 1
903 2047 1
903 2958 1
904 1488 -1
904 2725 1
905 923 1
905 981 -1
905 2298 1
905 2303 1
905 2369 -1
905 2691 1
906 1457 1
906 1498 1
907 2554 -1
908 928 -1
908 1045 1
908 2475 1
908 2782 -1
909 1048 -1
909 1178 -1
909 1490 1
909 1670 1
909 2504 1
910 1900 -1
910 2372 1
910 2547 1
910 2856 1
911 1008 1
911 1889 1
912 1001 1
912 2596 -1
913 1692 1
913 1715 1
914 1435 1
914 2182 1
914 2237 -1
914 2699 -1
914 2793 -1
915 2012 -1
915 2119 1
915 2576 -1
915 2963 1
916 1177 1
916 1292 1
916 2231 -1
916 2264 1
916 2280 1
916 2458 -1
916 2774 -1
917 976 1
917 1075 1
917 1401 1
917 1521 1
917 1696 1
917 2448 -1
917 2592 1
918 1174 1
918 1937 -1
919 1631 1
919 1695 -1
919 2058 -1
919 2106 -1
920 1975 -1
920 2156 1
920 2311 1
921 1589 -1
921 2912 -1
921 2968 1
922 968 -1
922 971 1
922 2504 -1
923 1582 -1
923 2152 1
924 1694 -1
924 2234 1
924 2929 1
925 1890 1
925 1915 -1
925 2077 1
926 2132 1
926 2173 -1
927 1705 -1
927 2665 -1
927 2670 1
928 1108 -1
928 1774 -2
928 2488 1
929 1441 -1
929 1762 1
929 1926 -1
929 2154 -1
930 1143 -1
930 1887 -1
930 2624 1
931 2041 1
931 2556 -1
931 2824 -1
932 1026 -1
932 2249 -1
933 1602 -1
933 2478 1
933 2546 -1
934 1956 -1
934 2382 -1
935 1165 -1
935 2482 1
935 2728 -1
935 2978 1
936 1128 -1
936 1893 -1
936 2266 -1
936 2353 1
936 2514 1
936 2522 -1
936 2700 1
937 1028 1
937 1145 -1
937 1242 1
937 1343 -1
937 2354 1
937 2485 -1
938 1107 1
939 1350 1
939 1716 -1
939 1871 -1
939 2193 1
939 2543 1
940 1629 1
940 1633 1
940 2104 -1
941 977 1
941 1044 1
941 1531 -1
942 1320 1
942 1678 -1
943 1076 1
943 1255 -1
943 1277 -1
943 1840 -1
943 2328 -1
943 2733 1
944 1242 -1
944 1464 -1
944 1862 1
944 1935 -1
944 1957 1
945 1266 -1
945 2061 1
945 2508 -1
945 2935 1
946 1382 -1
946 2617 1
946 2922 1
947 1011 -1
947 2338 1
947 2515 -1
947 2692 -1
948 1149 1
948 2562 -1
948 2660 -1
948 2770 -1
949 1188 -1
950 959 1
950 1884 1
950 2774 1
951 1497 1
951 2075 -1
951 2697 -1
951 2919 1
952 1395 -1
952 1724 1
952 2023 -1
952 2209 -1
952 2763 1
952 2904 1
953 1289 -1
953 2601 1
954 1013 -1
954 1331 -1
955 1031 1
955 1666 -1
955 2885 1
955 2891 1
956 2141 1
956 2781 -1
957 1871 1
957 1991 1
957 2543 1
957 2931 -1
958 1914 -1
958 2232 1
958 2279 -1
959 1608 -1
959 1615 1
959 1796 1
959 2841 1
960 1036 -1
960 2775 1
960 2882 1
961 1778 -1
961 2416 -1
961 2438 1
962 967 -1
962 1453 1
962 1724 1
962 2350 -1
963 1161 -1
963 1313 1
963 1368 1
963 2046 1
963 2772 1
963 2805 -1
964 1975 -1
964 2311 1
964 2521 -1
965 1002 1
965 1344 1
965 1665 -1
965 1798 -1
965 2085 1
966 1393 -1
966 2352 -1
967 1511 1
967 1610 -1
967 1892 -1
967 2574 -1
967 2847 -1
968 1006 1
968 1871 1
968 1962 -1
968 1991 1
968 2392 1
969 1647 1
969 1994 -1
970 2226 1
971 1325 1
971 1697 -1
971 2434 -1
971 2844 1
972 1058 -1
972 1319 1
972 1784 1
972 2482 1
972 2579 -1
972 2887 1
972 2918 -1
973 1596 -1
973 2807 -1
973 2941 1
974 1425 -1
974 1883 1
975 1405 1
975 1701 1
975 1869 -1
976 1242 1
976 1478 1
976 1703 1
976 2211 1
976 2729 -1
976 2861 1
977 2580 -1
978 1505 1
978 2815 -1
979 1425 -1
979 1664 -1
979 1854 1
979 2586 -1
979 2629 1
980 1259 1
980 1712 1
980 2497 1
981 1530 1
981 2486 -1
981 2608 1
981 2656 -1
982 1087 -1
982 1388 1
982 1744 1
982 1870 -1
982 2408 1
983 984 1
983 1178 1
983 1670 -1
984 1745 1
984 2505 -1
984 2860 1
984 2966 -1
985 1303 1
985 1779 1
985 1854 1
985 1868 -1
985 1895 -1
986 1473 1
986 1869 1
986 2145 1
986 2360 -1
986 2626 -1
986 2637 1
986 2762 -1
987 1503 1
987 1907 -1
987 2477 -1
987 2578 -1
987 2784 -1
987 2997 1
988 1272 1
988 1454 -1
988 1635 1
988 2043 -1
988 2275 1
989 1867 -1
989 2443 -1
990 1119 1
990 1732 -1
990 1807 1
991 1560 -1
991 1585 -1
991 2251 -1
991 2752 1
991 2858 1
991 3000 1
992 1170 -1
992 1196 1
992 1926 -1
994 1116 -1
994 1892 -1
994 2200 -1
994 2718 -1
995 1401 1
995 1521 1
995 1765 1
995 1999 1
995 2401 1
995 2690 1
995 2765 1
995 2947 -1
996 1140 -1
996 2069 1
996 2933 1
997 1234 -1
997 1336 -1
997 1384 1
997 1698 1
997 2092 -1
997 2996 1
998 1411 1
998 2078 1
999 1037 -1
999 1164 -1
999 1667 1
999 2292 -1
1000 1640 -1
1000 1939 -1
1000 2560 -1
1001 1643 1
1001 2398 1
1001 2613 -1
1001 2843 1
1001 2880 1
1002 1086 1
1002 1341 1
1002 1437 1
1002 1484 1
1002 2175 1
1003 1599 -1
1003 2624 -1
1003 2945 -1
1004 1308 1
1004 1564 -1
1004 1867 -1
1005 1439 1
1005 1526 1
1005 1720 1
1005 1721 -1
1005 1927 1
1005 2493 1
1005 2840 -1
1006 2385 1
1006 2504 -1
1007 1164 -1
1007 2386 -1
1007 2803 1
1007 2862 1
1007 2894 1
1008 2336 1
1008 2371 1
1008 2962 -1
1009 2532 -1
1009 2667 1
1009 2888 1
1010 1079 -1
1010 1166 1
1010 1375 -1
1010 2292 -1
1010 2362 1
1010 2508 1
1010 2967 -1
1012 1096 1
1012 1434 1
1012 2531 1
1013 1269 -1
1013 2044 1
1013 2395 -1
1014 1153 1
1014 1297 -1
1014 1314 1
1014 1492 1
1014 2074 -1
1014 2909 -1
1015 1704 1
1015 1954 1
1015 2097 1
1016 1458 -1
1016 1845 1
1016 1890 1
1016 1906 1
1017 1928 1
1017 2044 1
1017 2355 1
1017 2808 1
1018 2429 -1
1018 2703 -1
1018 2899 1
1019 1673 -1
1019 1824 1
1019 2342 1
1019 2529 -1
1019 2812 -1
1020 1765 1
1020 1937 -1
1020 2460 1
1021 2346 -1
1022 2197 -1
1022 2244 1
1022 2325 -1
1022 2434 -1
1022 2528 -1
1022 2599 -1
1023 1619 1
1023 1650 1
1023 1851 1
1023 2953 -1
1024 1033 1
1024 1267 1
1024 1274 1
1024 2072 -1
1024 2256 1
1024 2713 -1
1024 2739 1
1025 1530 -1
1025 1544 1
1025 1884 -1
1025 2015 -1
1025 2026 -1
1025 2082 1
1025 2742 -1
1026 1910 1
1026 2797 1
1027 2010 -1
1027 2678 1
1028 1054 1
1028 1198 1
1028 2702 1
1029 2734 1
1029 2774 -1
1030 1673 -1
1030 1912 -1
1030 2347 -1
1031 1429 -1
1031 2628 1
1031 2830 1
1031 2987 1
1032 1643 -1
1032 1966 1
1032 2771 1
1032 2843 1
1033 1167 -1
1033 1953 -1
1033 2238 -1
1033 2247 -1
1033 2791 1
1034 1287 1
1034 1877 1
1034 1983 1
1035 1420 1
1035 1730 1
1035 2076 -1
1035 2429 1
1036 1116 -1
1036 1209 1
1036 1332 1
1036 1935 1
1036 2500 1
1036 2683 1
1036 2959 -1
1037 1430 -1
1037 2194 1
1038 1326 -1
1038 2326 1
1038 2616 -1
1039 1568 1
1039 1575 1
1039 2125 -1
1039 2326 -1
1039 2600 -1
1039 2917 -1
1040 1270 1
1040 1435 -1
1040 1457 1
1040 1504 -1
1040 1522 -1
1040 2556 -1
1040 2793 -1
1040 2824 -1
1041 2035 1
1042 1054 1
1042 1784 1
1043 1082 1
1043 1694 -1
1043 2124 1
1044 1500 -1
1044 1866 1
1045 1245 -1
1045 1774 1
1045 1785 1
1045 2061 1
1045 2619 1
1045 2689 -1
1046 1719 1
1046 1867 -1
1046 1908 1
1047 1135 -1
1047 1304 -1
1047 1825 1
1047 2168 -1
1047 2245 -1
1047 2529 -1
1047 2884 -1
1048 1706 1
1048 2940 -1
1049 1459 1
1049 2310 1
1049 2574 1
1050 1298 1
1050 1681 -1
1050 1741 -1
1050 2093 1
1051 1209 1
1051 1928 -1
1051 2683 1
1051 2853 -1
1052 1473 -1
1052 1820 -1
1053 1667 -1
1053 2644 -1
1054 2452 -1
1055 1252 1
1055 1520 1
1055 1793 -1
1055 2757 -1
1056 2338 1
1056 2488 1
1057 1101 1
1057 1215 1
1057 1941 -1
1057 2045 -1
1058 1426 1
1058 1809 1
1058 2036 1
1058 2242 1
1058 2979 -1
1059 1142 -1
1059 2237 1
1059 2881 -1
1060 2764 1
1061 1258 1
1061 2224 1
1061 2625 -1
1062 1905 -1
1062 2199 -1
1062 2268 -1
1063 1181 -1
1063 1442 -1
1063 1524 -1
1063 1796 1
1063 1973 -1
1064 2298 -1
1064 2627 1
1064 2695 1
1065 1131 1
1065 1568 1
1065 2565 1
1066 1288 1
1066 1860 1
1067 2261 -1
1068 1440 -1
1068 1658 -1
1068 1858 -1
1068 2603 1
1069 1165 -1
1069 1989 1
1069 2482 -1
1069 2887 -1
1070 1270 1
1070 1504 1
1070 2628 -1
1071 1422 -1
1071 1516 1
1071 1971 -1
1071 2083 1
1072 1385 1
1072 1641 1
1072 2478 -1
1073 1142 -1
1073 1259 1
1073 1719 1
1073 2531 1
1073 2720 1
1074 2153 -1
1074 2616 -1
1075 1185 1
1075 1280 -1
1075 1615 1
1076 1146 -1
1076 1710 1
1077 1573 1
1077 2499 -1
1078 1311 1
1078 2399 1
1078 2769 -1
1079 1328 -1
1079 1513 1
1079 2169 -1
1079 2221 -1
1079 2495 1
1080 1358 1
1080 1774 1
1080 2315 -1
1080 2368 1
1081 2967 -1
1083 1522 1
1083 2086 -1
1083 2420 -1
1083 2503 -1
1083 2533 1
1084 1280 -1
1084 1900 -1
1084 1911 1
1084 2953 1
1085 1986 -1
1085 2150 1
1085 2282 -1
1085 2895 1
1086 1258 1
1086 1972 -1
1086 2470 -1
1086 2625 1
1087 2621 -1
1087 2948 1
1088 1261 1
1088 1525 -1
1089 2387 1
1089 2502 -1
1089 2510 1
1089 2800 1
1090 1173 -1
1090 2024 1
1091 1721 -1
1091 2399 -1
1091 2939 1
1092 1211 1
1092 1273 -1
1092 1301 1
1092 1958 1
1092 2402 -1
1092 2509 -1
1092 2642 1
1093 2224 -1
1093 2327 -1
1093 2471 -1
1093 2969 -1
1093 2994 -1
1094 1415 -1
1094 2074 -1
1095 1442 -1
1095 2059 1
1095 2464 1
1096 2535 -1
1096 2620 -1
1097 1277 -1
1097 1876 1
1097 2788 1
1097 2934 1
1098 1114 -1
1098 2239 -1
1098 2927 -1
1099 1208 -1
1099 2393 -1
1100 1379 1
1100 2179 -1
1101 1462 -1
1101 1684 1
1102 1331 1
1102 2193 1
1102 2402 -1
1102 2587 1
1103 1857 1
1103 1989 -1
1103 2084 1
1103 2888 -1
1104 1308 1
1104 1336 1
1104 1477 -1
1104 1564 1
1104 2118 -1
1104 2443 -1
1105 1350 1
1105 2143 -1
1105 2589 -1
1106 1880 1
1106 2591 -1
1107 1227 -1
1107 2476 -1
1108 1290 1
1108 1723 -1
1109 1164 -1
1109 1268 -1
1109 1361 1
1109 2058 -1
1109 2866 1
1109 2983 1
1110 2327 -1
1110 2800 1
1111 1242 -1
1111 1464 1
1111 1616 -1
1112 1661 1
1112 2495 -1
1113 1649 1
1113 1911 1
1113 2335 1
1113 2424 -1
1114 1274 1
1114 1363 -1
1114 1548 1
1114 1621 -1
1115 1668 1
1115 1833 1
1115 2155 -1
1116 1514 -1
1116 1685 -1
1116 2379 1
1116 2483 -1
1116 2775 -1
1117 2198 -1
1117 2202 1
1117 2329 1
1117 2554 -1
1117 2687 -1
1117 2822 -1
1118 1440 1
1118 2568 1
1119 1500 1
1119 1838 -1
1119 2525 1
1119 2711 1
1119 3000 1
1120 1392 1
1120 1554 1
1120 2171 1
1121 1315 1
1121 2735 1
1121 2839 1
1123 2476 1
1123 2838 1
1124 2009 1
1124 2606 -1
1125 1929 1
1125 2621 1
1125 2948 -1
1126 1764 -1
1126 2100 -1
1126 2672 -1
1127 1760 -1
1127 2715 1
1128 1379 1
1128 2813 -1
1129 1752 1
1129 2651 -1
1129 2992 1
1130 1546 1
1130 1690 -1
1130 1947 -1
1130 2719 -1
1131 1647 1
1131 1699 1
1131 1908 1
1131 2706 1
1132 1466 -1
1132 1591 -1
1132 1657 1
1133 1865 1
1133 2179 -1
1133 2886 -1
1134 1168 1
1134 1234 -1
1134 1823 -1
1134 2193 1
1134 2565 -1
1134 2587 1
1135 1755 -1
1135 1757 1
1135 1907 -1
1136 1553 1
1136 2394 1
1136 2649 -1
1136 2897 -1
1137 1274 -1
1137 2072 1
1137 2133 -1
1138 1553 -1
1138 2649 -1
1139 1650 1
1139 2825 -1
1139 2953 -1
1140 1336 -1
1140 1564 1
1140 2135 -1
1141 2248 1
1141 2435 -1
1141 2634 1
1142 1173 -1
1142 2357 -1
1142 2813 -1
1143 1370 1
1143 1607 1
1143 2199 -1
1143 2698 1
1144 1798 1
1144 2179 -1
1144 2755 1
1144 2773 1
1145 1355 -1
1145 2255 -1
1146 1184 -1
1146 1227 1
1146 1585 1
1146 1786 1
1146 1984 1
1146 2328 -1
1147 1385 1
1147 1802 -1
1147 2099 1
1148 2027 1
1148 2092 1
1148 2751 1
1149 1372 1
1149 2409 -1
1150 1290 1
1150 1583 -1
1150 2542 1
1151 1277 1
1152 1870 1
1152 2183 1
1152 2568 1
1153 1166 -1
1153 2066 1
1153 2148 1
1153 2854 1
1153 2909 1
1154 1582 1
1154 2152 -1
1154 2348 -1
1155 1515 1
1155 1718 -1
1155 1997 1
1155 2102 -1
1155 2213 -1
1156 1378 -1
1156 1659 1
1156 2669 1
1157 1519 -1
1157 1782 -1
1157 2063 -1
1157 2626 1
1158 1261 -1
1158 1525 -1
1158 2806 1
1158 2867 1
1159 1322 1
1159 2214 -1
1159 2468 -1
1160 1251 1
1160 2293 1
1160 2455 1
1160 2484 -1
1160 2648 -1
1160 2656 -1
1161 2047 1
1161 2186 -1
1161 2309 -1
1161 2753 1
1161 2958 1
1162 1332 1
1162 2007 -1
1162 2470 1
1163 1935 -1
1163 1955 -1
1163 2464 -1
1164 1205 -1
1164 2043 -1
1164 2831 1
1165 1348 -1
1165 1690 -1
1165 1701 1
1165 2178 1
1165 2719 -1
1166 2511 1
1167 2624 1
1167 2743 -1
1169 1792 1
1169 2811 1
1170 2337 -1
1170 2502 1
1171 1779 -1
1171 1854 -1
1171 2051 -1
1171 2962 -1
1172 1639 -1
1172 1753 1
1172 2499 1
1172 2763 -1
1172 2873 1
1173 2470 -1
1174 1327 1
1174 1394 -1
1174 1515 1
1174 2320 -1
1174 2669 -1
1174 2952 1
1175 1582 -1
1175 2065 -1
1176 1366 1
1176 2171 1
1177 1340 -1
1177 1557 1
1177 1973 1
1177 2120 -1
1179 1650 1
1179 2221 -1
1179 2825 1
1180 1739 1
1180 2274 -1
1180 2422 -1
1180 2563 1
1181 2145 1
1181 2603 -1
1182 1373 -1
1182 1633 1
1182 2235 -1
1182 2828 -1
1183 2983 -1
1184 2227 1
1184 2318 -1
1185 2240 1
1185 2592 -1
1186 1585 -1
1186 2211 1
1186 2543 -1
1186 2811 -1
1186 2907 1
1186 2931 1
1187 2926 -1
1188 1819 1
1188 2079 1
1189 1627 1
1189 2267 1
1189 2300 -1
1189 2740 -1
1190 1654 -1
1190 1724 1
1190 2700 1
1191 1317 -1
1191 1990 -1
1191 2237 -1
1191 2463 1
1191 2474 1
1191 2710 -1
1191 2815 -1
1192 1356 1
1192 1463 1
1192 1911 -1
1192 2425 -1
1193 1879 -1
1193 2423 1
1193 2453 1
1193 2459 -1
1193 2920 -1
1193 2932 1
1194 1508 1
1194 1589 1
1194 1920 -1
1195 1405 -1
1195 2559 -1
1195 2734 -1
1195 2774 -1
1196 1370 -1
1196 1583 1
1196 1969 -1
1196 2219 1
1196 2373 1
1196 2714 1
1197 1436 1
1197 1987 1
1198 1263 1
1198 1343 -1
1198 1366 1
1198 1395 1
1198 2155 -1
1199 1390 -1
1199 2129 1
1199 2476 -1
1200 1938 1
1200 2118 -1
1200 2611 -1
1200 2617 1
1200 2704 -1
1201 2538 -1
1201 2569 1
1201 2735 -1
1202 1320 1
1202 1509 1
1202 2315 -1
1203 1470 1
1203 2688 -1
1204 2454 -1
1204 2498 1
1204 2994 1
1205 2392 1
1206 1468 -1
1206 2486 -1
1206 2656 1
1207 1218 1
1207 1770 -1
1207 2113 1
1207 2128 -1
1207 2643 1
1208 1628 -1
1208 2054 -1
1208 2339 -1
1208 2948 -1
1209 1522 -1
1209 2420 -1
1210 1335 -1
1210 2679 -1
1211 1807 -1
1211 2321 1
1212 1981 -1
1212 2198 -1
1212 2536 1
1213 1847 -1
1213 2016 -1
1213 2208 -1
1213 2858 -1
1214 1838 -1
1214 2176 -1
1214 2263 -1
1214 2525 -1
1214 2533 -1
1214 2596 -1
1214 2794 -1
1215 2005 1
1215 2820 1
1216 1561 -1
1216 1675 -1
1216 2011 -1
1216 2336 1
1217 1641 -1
1217 2478 -1
1217 2710 1
1218 1425 -1
1218 2715 1
1219 1390 -1
1219 1439 1
1219 2129 1
1219 2146 1
1219 2290 1
1219 2441 -1
1219 2542 1
1219 2570 1
1220 1443 -1
1220 1781 1
1220 2064 -1
1221 1690 -1
1221 2954 -1
1222 2120 -1
1222 2238 -1
1222 2957 1
1223 1853 1
1223 2478 -1
1223 2799 -1
1224 1275 1
1224 1539 1
1224 2153 1
1224 2702 1
1225 1474 -1
1225 1726 1
1225 1737 1
1225 1938 1
1226 2521 1
1226 2990 1
1227 1436 -1
1227 1766 1
1227 2227 1
1228 1403 -1
1228 1428 -1
1228 1466 -1
1228 1532 1
1228 1722 1
1228 2633 1
1229 1767 1
1229 2111 1
1229 2356 1
1230 1810 -1
1230 1879 -1
1230 2932 1
1231 1294 -1
1231 1580 1
1232 1477 1
1232 2086 -1
1232 2323 -1
1232 2331 -1
1232 2533 -1
1233 1252 -1
1233 2718 -1
1234 1844 -1
1234 2262 1
1234 2411 1
1234 2533 -1
1234 2872 1
1235 1553 -1
1235 1627 1
1235 2181 1
1236 1708 1
1236 2177 1
1236 2579 1
1236 2699 -1
1236 2825 1
1236 2842 1
1236 2862 1
1237 1388 -1
1237 1909 -1
1237 2874 -1
1238 1245 1
1238 1549 -1
1239 2138 1
1240 1317 1
1240 2036 1
1240 2237 1
1241 1325 1
1242 2853 1
1243 1536 1
1243 1995 -1
1243 2566 1
1244 1440 -1
1244 1618 1
1244 2603 1
1245 1780 -1
1245 2950 1
1246 1551 1
1246 2829 1
1247 1362 -1
1247 2063 1
1247 2164 -1
1247 2494 -1
1248 1514 1
1248 1971 1
1248 2483 1
1249 1284 1
1249 2322 1
1250 1362 -1
1250 1748 1
1250 2063 1
1250 2982 1
1251 1321 1
1251 2014 1
1251 2324 1
1252 1728 -1
1252 2258 1
1253 1423 1
1253 1680 -1
1253 1862 -1
1253 1990 1
1253 2359 1
1253 2913 1
1254 1598 -1
1254 1820 1
1254 2461 1
1254 2794 1
1255 1686 1
1255 2741 -1
1256 1739 -1
1256 2313 1
1257 1995 -1
1257 2169 -1
1257 2221 1
1257 2655 1
1258 2601 1
1258 2868 1
1259 1620 -1
1259 2993 -1
1260 1462 -1
1260 1520 1
1260 2096 -1
1260 2113 1
1260 2410 -1
1260 2438 1
1261 2208 -1
1262 1868 1
1262 1895 1
1263 2370 -1
1263 2509 -1
1264 1710 -1
1264 1963 -1
1264 2203 -1
1264 2468 -1
1264 2803 -1
1264 2894 1
1265 1405 1
1265 1758 1
1265 2016 1
1266 1581 1
1266 1605 1
1266 2159 1
1267 1446 1
1267 2791 1
1267 2986 1
1268 1423 1
1269 1409 -1
1270 1422 -1
1271 1891 -1
1271 2051 1
1271 2155 -1
1271 2518 -1
1273 1540 1
1273 2183 1
1274 2802 -1
1274 2836 1
1274 2937 1
1275 1569 1
1276 1279 1
1276 1654 1
1276 1724 -1
1277 1533 1
1277 2378 -1
1277 2401 1
1277 2475 1
1278 2437 -1
1278 2608 -1
1278 2743 1
1279 1509 1
1279 2055 -1
1279 2735 -1
1280 1311 -1
1280 2100 -1
1281 2640 -1
1281 2706 -1
1281 2894 -1
1282 1642 1
1282 1661 1
1282 2548 -1
1283 1485 -1
1283 1769 -1
1283 1817 -1
1283 2410 -1
1283 2971 -1
1283 2993 -1
1284 2386 -1
1284 2481 -1
1284 2540 1
1284 2754 1
1285 2250 1
1285 2590 1
1285 2821 1
1286 2064 1
1286 2247 1
1286 2632 1
1287 2578 -1
1288 1639 -1
1288 1679 -1
1288 2296 -1
1288 2821 -1
1288 2996 -1
1289 1375 -1
1289 1696 1
1289 1864 1
1289 2448 1
1290 1331 1
1290 1733 1
1290 2260 1
1290 2748 1
1291 2187 -1
1291 2372 1
1291 2863 1
1292 1382 -1
1292 2236 1
1292 2343 1
1293 1675 1
1293 2150 1
1293 2336 -1
1294 1652 -1
1294 2876 -1
1294 2934 1
1295 2109 -1
1295 2115 1
1296 2413 -1
1296 2429 1
1296 2733 -1
1296 2760 -1
1297 1638 1
1297 2340 1
1298 1537 1
1298 1595 1
1298 1784 -1
1298 2644 -1
1299 2347 1
1299 2567 1
1299 2889 1
1301 2321 -1
1302 1817 1
1302 2907 1
1302 2971 -1
1303 1559 1
1303 2056 -1
1304 1344 -1
1304 1665 1
1304 1816 -1
1304 2338 1
1304 2488 -1
1304 2682 1
1305 1452 1
1305 2228 1
1305 2277 1
1306 1321 -1
1306 1673 -1
1306 1912 1
1306 2243 1
1306 2434 -1
1306 2572 -1
1306 2812 1
1307 2259 -1
1307 2721 1
1307 2977 1
1308 1683 -1
1308 2365 1
1309 1351 1
1309 1469 1
1309 1861 -1
1309 1997 1
1310 1440 -1
1310 1811 -1
1310 1841 -1
1310 2138 -1
1310 2377 1
1310 2568 -1
1310 2676 -1
1310 2808 -1
1311 1911 1
1312 1746 -1
1312 2344 1
1312 2361 1
1313 2397 -1
1313 2531 1
1313 2720 -1
1313 2911 -1
1314 1340 1
1314 1638 1
1314 1973 -1
1314 2049 -1
1314 2769 -1
1315 1344 -1
1315 2506 -1
1315 2594 -1
1315 2671 -1
1316 1709 -1
1316 2123 1
1316 2299 1
1317 1693 -1
1317 2846 1
1318 1526 1
1318 1720 -1
1318 1768 1
1318 1865 1
1318 2179 1
1318 2307 1
1319 1548 1
1319 2354 -1
1320 1964 1
1321 1568 -1
1321 1763 -1
1321 1772 1
1321 2144 -1
1321 2484 -1
1321 2746 -1
1322 1436 -1
1322 1987 -1
1322 2205 1
1323 1718 -1
1323 2768 -1
1324 2463 1
1324 2948 1
1325 2693 -1
1326 1892 -1
1327 1374 1
1327 1744 -1
1328 1352 -1
1328 2770 -1
1328 2983 -1
1329 1409 1
1329 1617 -1
1329 1736 -1
1329 2541 1
1330 1787 1
1330 2212 -1
1330 2547 -1
1330 2818 1
1331 1927 -1
1331 2044 -1
1331 2957 -1
1331 2977 -1
1332 2479 -1
1333 1762 1
1333 2413 1
1333 2429 1
1333 2535 -1
1334 2267 1
1334 2447 -1
1334 2740 -1
1335 1411 -1
1335 1709 -1
1335 1999 -1
1335 2280 -1
1335 2458 1
1335 2950 -1
1336 1862 1
1336 1939 -1
1336 2560 -1
1337 2206 -1
1337 2404 -1
1337 2472 -1
1337 2737 -1
1337 2939 1
1338 1388 1
1338 1670 -1
1338 1688 1
1338 2186 -1
1338 2803 1
1338 2865 1
1339 1834 -1
1339 2385 1
1340 1754 -1
1340 2967 1
1341 1665 1
1341 2880 -1
1342 1371 1
1342 1565 1
1342 1741 1
1342 2723 1
1343 2241 1
1344 2175 -1
1345 1362 -1
1345 2494 -1
1345 2811 1
1346 1521 -1
1346 1667 -1
1347 1441 -1
1347 1625 -1
1347 1750 -1
1347 2154 1
1347 2339 1
1347 2493 -1
1348 1417 1
1348 1583 1
1348 1647 -1
1348 1773 -1
1348 2146 -1
1348 2542 -1
1349 2763 1
1350 1620 1
1350 2756 1
1350 2956 1
1351 2654 1
1351 2783 -1
1352 1434 -1
1352 2531 -1
1353 1472 -1
1353 1527 1
1353 1613 -1
1354 2170 1
1354 2684 1
1354 2790 -1
1355 2485 -1
1356 1646 -1
1356 1894 1
1356 1993 1
1357 2240 1
1357 2761 -1
1357 2763 -1
1358 1979 1
1358 2154 -1
1359 1750 1
1359 1765 1
1359 2460 1
1359 2765 -1
1360 1569 1
1360 2734 -1
1362 1397 -1
1362 1682 1
1362 1982 1
1362 2081 -1
1362 2254 -1
1363 2239 -1
1363 2490 -1
1363 2652 1
1364 1388 1
1364 1556 1
1364 2467 1
1365 1757 1
1365 1818 1
1366 2702 -1
1366 2747 -1
1367 1399 1
1367 1442 -1
1367 1524 -1
1367 1788 1
1367 2696 -1
1368 1458 -1
1368 1459 1
1368 2310 1
1368 2345 -1
1368 2938 -1
1369 1880 1
1369 2591 1
1369 2786 -1
1370 2229 -1
1370 2303 1
1370 2305 -1
1370 2636 1
1371 1837 1
1371 2154 1
1371 2420 -1
1372 2010 1
1372 2326 -1
1373 1525 -1
1373 1541 1
1373 1850 1
1373 2096 -1
1373 2736 -1
1374 2035 -1
1374 2291 -1
1374 2555 -1
1374 2885 1
1374 2938 -1
1375 1612 -1
1375 1616 -1
1375 2625 -1
1375 2663 -1
1376 1737 1
1376 2193 -1
1376 2207 1
1376 2213 1
1376 2751 -1
1377 2873 -1
1378 1933 1
1378 2823 -1
1379 1847 -1
1380 2659 -1
1380 2741 -1
1381 1464 -1
1381 1843 -1
1381 1899 1
1381 2084 1
1381 2596 -1
1381 2794 -1
1382 1586 -1
1382 2280 -1
1383 1486 -1
1383 1626 -1
1383 1641 -1
1383 2108 1
1383 2557 -1
1384 2647 -1
1384 2872 1
1385 1793 1
1385 1995 1
1385 2566 -1
1386 1594 -1
1386 2166 -1
1386 2827 1
1387 2143 -1
1387 2601 -1
1388 1971 1
1388 2749 1
1388 2871 -1
1388 2992 -1
1389 1429 1
1389 2206 -1
1389 2472 1
1390 1797 -1
1390 2143 -1
1391 1440 -1
1391 1658 1
1391 1839 -1
1391 1924 -1
1392 2860 -1
1392 2889 1
1393 1452 1
1393 1516 -1
1394 2123 1
1395 1573 1
1396 1442 -1
1396 1551 1
1396 2598 1
1397 2811 -1
1397 2982 1
1398 2735 -1
1399 1946 1
1400 1626 -1
1400 1852 -1
1401 2022 -1
1402 1813 1
1402 1874 -1
1402 2168 1
1403 1461 -1
1403 1467 1
1403 1806 -1
1403 1979 -1
1403 2048 -1
1403 2154 1
1404 1753 1
1404 2189 1
1404 2217 -1
1404 2873 1
1405 1796 -1
1405 1924 -1
1405 2815 -1
1406 2274 -1
1406 2555 1
1406 2563 -1
1406 2885 -1
1407 1906 -1
1407 2140 1
1407 2401 -1
1408 1427 -1
1408 1596 1
1408 1620 1
1408 2382 1
1408 2856 -1
1408 2956 1
1409 1592 1
1409 1609 1
1409 2002 -1
1409 2004 -1
1409 2585 -1
1410 1602 1
1410 1976 -1
1410 2003 1
1410 2546 -1
1411 1480 1
1411 1574 -1
1411 2527 1
1412 1495 -1
1412 1894 1
1412 2027 -1
1412 2092 -1
1412 2650 -1
1412 2819 -1
1413 1754 1
1413 2174 -1
1413 2594 1
1414 2076 -1
1414 2429 1
1414 2703 -1
1415 1840 -1
1415 2366 1
1415 2672 1
1416 1455 1
1416 1519 -1
1416 1966 -1
1416 2514 1
1416 2771 -1
1416 2809 1
1416 2925 1
1417 1523 1
1417 1898 1
1417 2144 -1
1417 2674 -1
1418 1709 -1
1418 2299 1
1418 2450 -1
1418 2458 -1
1419 1881 -1
1419 2088 -1
1419 2959 1
1420 1996 -1
1420 2779 -1
1421 1823 -1
1421 1922 1
1421 2690 1
1421 2947 1
1422 1522 1
1422 2562 1
1423 1623 1
1423 1976 -1
1423 2546 1
1423 2866 -1
1423 2922 -1
1423 2974 -1
1424 1897 -1
1424 2302 1
1424 2798 -1
1425 1700 1
1425 2078 1
1425 2128 1
1425 2513 -1
1425 2709 -1
1426 1560 -1
1426 2892 -1
1427 1809 -1
1427 2036 -1
1427 2630 -1
1427 2926 -1
1428 2101 -1
1428 2722 -1
1428 2815 1
1429 1681 1
1429 2107 1
1429 2278 1
1429 2885 -1
1430 1825 1
1430 2243 -1
1430 2258 1
1430 2707 1
1430 2812 1
1431 1681 1
1431 2110 1
1431 2489 1
1431 2868 -1
1432 2663 1
1432 2922 1
1433 1495 -1
1433 2424 1
1433 2985 1
1434 2285 1
1434 2620 1
1434 2770 1
1435 1626 -1
1436 2724 1
1437 2008 -1
1437 2174 1
1437 2329 1
1438 1838 -1
1438 2414 -1
1438 2557 -1
1438 2757 -1
1438 2972 -1
1439 1473 1
1439 1598 -1
1439 1820 -1
1439 2474 1
1439 2584 1
1440 1703 -1
1440 1885 -1
1441 2044 -1
1441 2138 1
1441 2172 -1
1441 2714 1
1441 2808 1
1442 1831 -1
1442 2615 1
1443 1479 -1
1443 2645 1
1444 1586 -1
1444 1876 1
1444 2280 1
1444 2539 1
1444 2950 -1
1445 1613 -1
1446 1690 -1
1446 1803 1
1446 1823 1
1446 2416 1
1446 2820 -1
1447 1866 1
1447 2239 1
1448 1529 1
1448 1940 1
1448 2762 -1
1449 2189 1
1449 2295 1
1450 1599 -1
1450 2229 1
1450 2270 -1
1450 2305 -1
1451 1508 -1
1451 2711 -1
1451 2752 -1
1451 3000 1
1452 2954 1
1453 1892 1
1453 2258 1
1453 2718 1
1453 2733 -1
1453 2760 -1
1454 1647 1
1454 1994 1
1455 1901 1
1455 2167 -1
1456 1833 -1
1457 1565 -1
1457 2433 -1
1458 1648 1
1458 1777 1
1458 2497 -1
1458 2637 -1
1459 1669 -1
1459 1750 -1
1459 2145 -1
1459 2637 -1
1460 1504 1
1460 1582 -1
1460 2065 1
1460 2628 1
1460 2678 1
1461 2158 1
1461 2188 1
1461 2661 1
1461 2744 -1
1462 1628 -1
1462 2665 1
1462 2734 -1
1462 2820 1
1463 2142 1
1463 2700 -1
1464 1966 1
1464 2528 1
1464 2785 1
1465 2072 -1
1465 2133 1
1465 2147 1
1465 2469 -1
1466 2778 -1
1467 1762 -1
1467 1926 1
1468 2272 1
1468 2412 -1
1469 2058 -1
1469 2106 1
1469 2654 1
1469 2789 1
1470 1997 1
1470 2787 1
1470 2900 -1
1471 1743 -1
1471 2875 -1
1472 1600 -1
1472 1876 -1
1472 2639 1
1472 2788 -1
1472 2926 -1
1473 1653 1
1474 1917 -1
1474 2643 -1
1474 2835 1
1475 2204 -1
1475 2981 1
1476 1827 1
1476 2945 -1
1477 1663 1
1478 1500 1
1478 1554 -1
1478 1817 1
1478 2210 -1
1479 2641 1
1479 2792 -1
1480 2672 1
1481 1586 1
1481 1645 -1
1481 1765 1
1481 1876 -1
1482 1815 1
1482 2590 1
1482 2821 1
1483 1585 1
1483 2858 1
1484 1665 1
1485 1995 -1
1486 1745 -1
1486 2380 1
1486 2592 -1
1486 2825 1
1486 2842 -1
1486 2877 1
1487 2103 1
1487 2214 1
1487 2537 1
1487 2670 1
1488 2112 -1
1488 2192 1
1489 2412 1
1489 2780 1
1490 1531 1
1490 1627 1
1490 2658 -1
1491 1700 1
1491 2513 -1
1491 2783 1
1491 2868 1
1492 1655 -1
1492 2066 1
1492 2308 1
1493 2091 -1
1493 2583 -1
1494 2176 1
1494 2250 1
1494 2490 -1
1494 2652 -1
1494 2799 -1
1495 1907 1
1496 1878 -1
1496 2725 1
1497 1512 1
1497 2255 -1
1498 1565 1
1498 2262 -1
1499 1919 -1
1499 1986 1
1500 1637 1
1500 1807 1
1500 1878 -1
1500 2321 1
1500 2595 1
1501 2796 1
1502 1867 -1
1502 1908 1
1503 2267 -1
1503 2340 1
1503 2447 -1
1504 1565 -1
1505 2016 1
1505 2236 1
1505 2265 -1
1505 2593 -1
1505 2673 -1
1506 1811 1
1506 2558 -1
1507 2067 -1
1507 2519 -1
1507 2573 -1
1509 1831 -1
1509 1897 -1
1509 1964 -1
1509 2339 -1
1510 1921 1
1510 2281 -1
1510 2858 -1
1511 2690 1
1512 1515 -1
1512 1718 1
1512 1981 1
1512 2075 -1
1512 2669 -1
1513 2661 1
1514 1935 1
1515 2286 -1
1515 2605 1
1515 2963 1
1515 2998 -1
1516 1940 -1
1516 2762 1
1517 1931 1
1517 2301 1
1517 2737 -1
1517 2935 1
1518 1776 1
1518 1847 1
1518 2000 -1
1519 2390 -1
1520 2521 1
1520 2820 -1
1520 2984 -1
1520 2990 -1
1521 1816 1
1521 1841 -1
1521 2488 -1
1522 1881 1
1522 2083 1
1522 2433 1
1522 2959 -1
1523 2151 1
1523 2257 -1
1523 2271 1
1523 2598 -1
1523 2704 1
1523 2756 -1
1523 2837 -1
1524 1645 -1
1524 1781 -1
1524 1875 1
1524 2115 -1
1524 2320 -1
1525 1727 -1
1525 2086 1
1525 2331 1
1525 2462 -1
1526 2134 1
1527 1609 1
1527 2116 1
1527 2784 1
1528 1550 -1
1528 1575 -1
1528 1864 -1
1529 1968 1
1530 1608 1
1531 1985 -1
1531 2415 -1
1531 2442 -1
1531 2580 -1
1531 2857 1
1531 2966 1
1532 1806 1
1532 2474 -1
1532 2815 1
1533 1840 1
1533 2933 -1
1534 1555 -1
1534 2330 1
1535 1678 1
1535 1982 -1
1535 2451 1
1535 2564 -1
1535 2662 1
1536 1831 1
1536 2141 -1
1536 2781 1
1537 1593 -1
1537 2093 -1
1537 2174 -1
1537 2192 1
1537 2400 1
1537 2631 -1
1538 1603 -1
1538 1686 -1
1538 2385 -1
1538 2664 1
1538 2795 1
1539 2287 1
1540 2509 -1
1542 1698 -1
1542 1824 -1
1542 2611 1
1543 2068 -1
1543 2682 1
1544 1806 1
1544 1907 -1
1544 2154 1
1544 2936 1
1544 2997 -1
1545 2184 -1
1545 2456 -1
1546 2190 1
1546 2942 1
1547 2108 -1
1547 2557 -1
1548 1689 1
1548 2888 1
1548 2959 -1
1549 1600 -1
1549 2859 -1
1550 1819 1
1550 1841 1
1550 2801 -1
1551 1732 1
1551 2054 1
1551 2269 1
1551 2915 1
1552 1922 -1
1552 2604 -1
1552 2652 1
1552 2819 1
1553 1938 -1
1553 2626 1
1554 2860 -1
1555 1764 -1
1555 2967 1
1556 2220 -1
1556 2569 1
1557 1798 -1
1557 1885 -1
1557 1966 1
1557 2231 1
1557 2785 1
1557 2826 1
1558 2717 1
1558 2969 1
1559 1868 1
1559 1896 1
1559 2619 1
1559 2707 -1
1559 2812 1
1560 1677 1
1560 1916 1
1560 2036 -1
1560 2261 -1
1560 2647 -1
1560 2872 -1
1561 1723 -1
1562 2905 1
1563 2526 -1
1563 2939 1
1564 2069 1
1565 1747 1
1565 1837 -1
1565 1843 1
1566 1583 -1
1566 2172 1
1566 2294 -1
1566 2714 -1
1567 1641 -1
1567 2001 1
1568 1611 1
1568 2531 1
1568 2545 1
1568 2555 -1
1569 2559 1
1570 2314 1
1571 1667 1
1571 2284 -1
1571 2397 1
1572 2936 1
1573 2023 1
1573 2681 1
1574 1999 1
1574 2672 1
1575 1580 1
1575 1722 -1
1575 1919 1
1575 2343 -1
1575 2801 1
1576 1690 1
1576 2244 -1
1576 2416 -1
1577 1923 -1
1577 1936 1
1578 1796 1
1578 2841 1
1579 1581 1
1579 2250 1
1579 2490 1
1579 2847 -1
1580 1652 -1
1581 1785 -1
1581 2061 1
1581 2310 -1
1581 2938 -1
1583 2038 -1
1583 2178 1
1584 2684 -1
1585 1766 -1
1585 2787 1
1587 1825 1
1587 2543 -1
1587 2876 1
1587 2884 -1
1589 2029 1
1589 2520 -1
1590 1961 1
1591 1901 1
1591 2357 1
1591 2481 1
1593 1625 1
1593 2312 -1
1594 2149 1
1594 2618 1
1595 1938 1
1595 2001 -1
1595 2112 -1
1595 2192 1
1596 2185 -1
1596 2630 -1
1597 2094 1
1597 2415 -1
1598 1747 -1
1598 1791 1
1598 1843 1
1598 2596 1
1598 2821 1
1599 1631 -1
1599 1753 -1
1599 1939 1
1599 2332 1
1599 2804 -1
1600 2434 -1
1600 2682 1
1601 1897 -1
1601 1983 -1
1602 1691 -1
1602 2595 1
1603 2585 -1
1604 1716 1
1604 2138 -1
1605 1698 1
1605 2508 -1
1606 1981 1
1606 2075 1
1606 2536 1
1607 1781 1
1607 1890 -1
1607 1906 -1
1607 2456 1
1608 1884 1
1609 2811 -1
1610 1644 -1
1610 1848 1
1610 2105 -1
1610 2908 1
1611 2246 -1
1611 2746 -1
1611 2787 1
1612 1949 1
1613 2116 -1
1613 2639 -1
1614 1944 1
1614 2244 -1
1615 1879 1
1615 1907 1
1615 2166 1
1615 2557 -1
1615 2730 -1
1617 2002 -1
1618 1869 1
1619 2250 1
1619 2448 1
1620 1658 -1
1620 1858 1
1620 1949 1
1620 2349 1
1620 2999 1
1621 1996 -1
1621 2779 1
1622 2046 -1
1622 2772 1
1623 1773 1
1623 1911 1
1624 2013 -1
1624 2606 -1
1626 2556 1
1626 2610 -1
1626 2877 1
1627 2336 -1
1627 2857 1
1628 1881 -1
1628 1898 1
1628 2114 -1
1628 2126 -1
1628 2410 1
1629 2408 -1
1629 2648 1
1630 1719 -1
1630 2612 -1
1631 1870 1
1631 2076 -1
1631 2472 1
1631 2568 -1
1632 2072 1
1632 2256 1
1632 2281 1
1632 2469 1
1633 1850 -1
1633 2648 -1
1634 1806 -1
1635 1712 -1
1635 2114 1
1635 2259 1
1635 2623 -1
1635 2721 -1
1636 1885 1
1636 1923 -1
1636 2231 -1
1638 2466 1
1639 1772 -1
1639 2046 -1
1640 1805 -1
1640 1859 -1
1640 2974 -1
1641 1978 1
1642 1707 -1
1642 2337 1
1643 1897 1
1643 2067 -1
1643 2519 -1
1644 1988 1
1645 2366 -1
1645 2506 -1
1645 2864 1
1645 2899 1
1646 1929 1
1646 2301 -1
1647 1913 1
1647 2498 -1
1647 2816 1
1648 1731 -1
1648 1787 -1
1648 2654 1
1649 1726 1
1649 1822 -1
1649 2524 -1
1650 2989 -1
1651 1963 -1
1651 2032 1
1651 2909 -1
1652 1856 -1
1652 2684 1
1653 1869 -1
1653 2825 1
1655 1948 1
1656 2060 1
1656 2236 -1
1656 2593 -1
1657 2742 -1
1659 1933 -1
1659 2627 1
1660 2475 1
1660 2649 -1
1660 2782 -1
1660 2897 1
1661 1818 1
1661 2362 1
1662 1836 -1
1662 2028 -1
1662 2476 -1
1662 2838 -1
1663 2533 -1
1664 1874 -1
1664 1927 -1
1664 1934 -1
1664 2404 -1
1664 2709 -1
1665 1807 1
1665 1970 1
1666 1897 -1
1666 1903 -1
1666 2024 1
1666 2370 1
1666 2519 -1
1667 2334 -1
1667 2444 -1
1667 2446 -1
1668 2050 -1
1668 2137 1
1669 1905 1
1669 2196 -1
1669 2495 1
1671 2352 -1
1671 2657 1
1672 2030 -1
1672 2648 -1
1672 2656 1
1674 2010 1
1674 2091 1
1674 2290 1
1674 2441 -1
1674 2604 -1
1675 2790 1
1676 1802 -1
1676 2617 1
1676 2922 -1
1677 1956 1
1677 2382 -1
1678 1964 1
1678 2943 -1
1679 1764 -1
1679 2145 -1
1679 2603 1
1679 2682 1
1679 2773 -1
1680 2255 -1
1681 1693 1
1681 2209 -1
1682 2002 -1
1682 2288 1
1682 2318 1
1682 2401 -1
1682 2618 -1
1682 2839 1
1683 2118 1
1683 2848 1
1684 1941 -1
1684 2101 1
1685 2052 1
1685 2345 -1
1686 2328 -1
1687 1747 -1
1687 1868 -1
1687 2007 -1
1687 2668 1
1687 2961 -1
1687 2988 1
1688 1944 1
1688 2871 1
1689 2064 1
1689 2260 1
1690 2228 -1
1690 2942 -1
1690 2978 -1
1691 2003 -1
1691 2222 1
1691 2577 -1
1692 1764 -1
1692 2113 -1
1693 2196 -1
1695 1759 1
1695 2184 -1
1695 2253 -1
1695 2660 -1
1695 2975 -1
1696 2663 1
1697 2504 1
1697 2786 1
1698 2159 1
1699 1959 -1
1699 2498 1
1699 2994 -1
1700 2227 1
1700 2230 -1
1701 2181 1
1701 2815 1
1702 2322 -1
1702 2419 -1
1702 2749 -1
1704 1744 -1
1704 1821 1
1705 1963 1
1705 2686 -1
1706 2586 1
1706 2629 -1
1707 2338 -1
1707 2523 -1
1707 2764 -1
1708 1739 -1
1708 2274 1
1708 2313 -1
1709 2114 1
1709 2623 -1
1710 1948 1
1710 1979 1
1710 2570 1
1710 2685 1
1710 2870 -1
1711 1956 -1
1712 1915 1
1712 2535 1
1712 2696 -1
1713 2502 1
1714 1937 -1
1714 2124 -1
1715 2381 1
1716 2257 1
1716 2325 -1
1716 2756 -1
1717 1732 1
1717 2915 1
1718 2367 -1
1719 1800 -1
1719 2695 1
1719 2972 1
1719 2993 -1
1720 1922 1
1721 1823 -1
1721 1922 -1
1721 2148 -1
1721 2587 1
1721 2909 -1
1723 1733 -1
1723 2011 1
1724 2258 1
1725 1937 1
1725 1952 1
1725 2694 -1
1726 1839 1
1726 2990 1
1727 1779 -1
1727 2109 -1
1727 2330 -1
1728 1984 1
1728 2718 1
1729 1742 1
1729 2377 1
1730 1996 -1
1730 2009 -1
1730 2170 -1
1730 2684 1
1731 2850 1
1732 2106 1
1732 2849 1
1733 2153 1
1733 2616 1
1733 2939 -1
1734 2273 1
1734 2423 1
1734 2920 1
1735 1941 1
1735 2045 1
1735 2774 1
1736 1902 1
1736 2004 -1
1737 1759 -1
1737 1917 -1
1737 2660 1
1737 2770 1
1738 1969 -1
1738 2056 -1
1739 1827 1
1740 2325 -1
1740 2434 1
1740 2841 -1
1741 1747 -1
1741 1750 -1
1741 1784 1
1741 1889 1
1742 2076 -1
1744 2007 -1
1744 2035 -1
1744 2668 1
1745 1822 1
1745 2315 -1
1745 2368 1
1745 2374 -1
1745 2692 -1
1746 2182 -1
1746 2699 -1
1746 2798 1
1747 1888 1
1747 2103 -1
1748 1909 1
1748 2056 -1
1749 1822 -1
1749 2863 -1
1750 1960 -1
1750 2491 -1
1751 2213 1
1751 2596 1
1752 1837 1
1752 1893 -1
1752 2667 -1
1753 2122 1
1753 2187 -1
1753 2203 1
1753 2270 -1
1753 2624 -1
1754 2232 -1
1754 2279 -1
1755 2168 1
1756 2017 -1
1756 2080 -1
1756 2179 -1
1756 2675 -1
1756 2884 -1
1756 2890 1
1758 1922 -1
1758 2690 1
1759 2205 -1
1759 2850 1
1760 2413 -1
1761 1783 -1
1761 2751 1
1762 1998 -1
1762 2048 1
1762 2473 -1
1763 2014 1
1763 2359 -1
1764 2653 1
1765 2022 -1
1765 2506 -1
1765 2671 -1
1766 1855 1
1766 2588 1
1767 1802 -1
1767 2098 1
1767 2465 1
1767 2633 1
1767 2859 -1
1769 1995 -1
1769 2219 1
1769 2980 1
1769 2984 -1
1770 2715 1
1770 2949 -1
1771 2103 1
1771 2988 -1
1772 2206 -1
1772 2651 1
1772 2925 1
1772 2996 -1
1773 1913 1
1773 2674 -1
1774 2255 1
1774 2950 -1
1776 1919 -1
1776 1986 -1
1776 2115 -1
1776 2146 -1
1776 2840 -1
1777 2036 1
1778 2753 1
1778 2965 1
1779 2334 1
1780 2619 -1
1781 1799 -1
1782 2729 -1
1783 2298 -1
1783 2691 1
1784 1929 1
1785 1789 -1
1785 2083 1
1785 2158 1
1785 2433 1
1785 2661 -1
1786 1966 -1
1786 2843 1
1787 2063 -1
1787 2124 1
1787 2380 -1
1787 2842 -1
1788 2394 -1
1788 2615 -1
1789 2678 -1
1790 2421 1
1790 2448 1
1790 2944 -1
1791 2103 -1
1792 1930 1
1792 2101 -1
1792 2722 -1
1793 2052 -1
1793 2258 1
1793 2345 1
1793 2707 1
1794 2133 1
1794 2247 1
1795 1949 -1
1795 2021 -1
1795 2349 1
1795 2501 1
1796 2115 1
1796 2289 1
1796 2774 1
1797 2570 -1
1798 1889 1
1798 2120 1
1798 2238 -1
1798 2247 1
1798 2470 1
1799 2109 -1
1799 2115 -1
1800 1867 1
1800 2040 -1
1800 2105 1
1800 2613 -1
1801 2182 1
1801 2690 -1
1801 2952 1
1802 1840 -1
1802 1952 -1
1802 2165 1
1802 2712 -1
1803 2031 1
1803 2600 1
1803 2775 1
1804 1846 -1
1804 2704 -1
1804 2837 1
1805 1896 -1
1806 1942 1
1806 2406 1
1806 2798 1
1807 2309 -1
1807 2391 1
1807 2849 -1
1807 2880 1
1808 1925 1
1808 2390 1
1808 2493 1
1810 2015 -1
1810 2114 -1
1811 1980 1
1811 2162 1
1811 2271 -1
1811 2592 1
1811 2704 -1
1811 2959 -1
1812 1859 1
1812 2829 1
1812 2974 -1
1813 2338 -1
1813 2476 -1
1814 2121 -1
1814 2442 1
1814 2523 1
1815 1834 1
1815 2461 -1
1816 1951 1
1816 2245 1
1818 2548 1
1819 2653 -1
1821 2007 1
1821 2097 1
1821 2336 -1
1822 2335 -1
1822 2505 -1
1822 2909 1
1823 2031 1
1823 2158 1
1824 2529 1
1824 2836 -1
1825 1841 -1
1825 2213 1
1826 1854 1
1826 2762 1
1826 2962 -1
1827 2422 1
1828 2177 -1
1828 2199 1
1828 2268 -1
1828 2698 -1
1829 2161 -1
1829 2620 1
1829 2832 -1
1830 1962 1
1830 2201 1
1831 2566 -1
1831 2598 1
1831 2891 1
1832 2688 -1
1833 1969 1
1833 1997 -1
1833 2517 1
1835 1912 1
1835 2204 -1
1835 2347 1
1835 2634 -1
1836 1872 1
1836 2892 1
1837 1928 -1
1837 2147 1
1837 2651 -1
1839 2086 -1
1839 2323 -1
1839 2503 -1
1839 2549 1
1840 2993 -1
1841 1864 -1
1841 2162 1
1841 2448 1
1841 2653 1
1842 2465 -1
1844 2396 -1
1845 2254 -1
1845 2485 -1
1846 1879 1
1846 2166 1
1846 2271 1
1846 2558 1
1846 2766 -1
1847 2115 1
1847 2813 -1
1848 1988 1
1848 2232 1
1848 2619 1
1848 2731 1
1848 2973 1
1849 2053 1
1849 2796 1
1850 2104 -1
1851 2421 -1
1851 2448 1
1851 2989 1
1852 1863 -1
1852 2105 1
1852 2176 -1
1853 2234 -1
1853 2595 1
1855 2246 -1
1855 2787 1
1856 2395 1
1856 2876 1
1856 2921 1
1857 2035 -1
1857 2054 1
1857 2252 -1
1857 2926 1
1858 2074 1
1858 2301 1
1859 2095 1
1859 2560 -1
1860 2834 -1
1861 1892 1
1862 2206 1
1862 2479 -1
1862 2737 -1
1862 2924 -1
1862 2996 -1
1863 2276 1
1863 2879 -1
1865 2374 -1
1866 2041 1
1866 2288 1
1867 2069 -1
1867 2266 -1
1867 2272 1
1868 1888 -1
1868 2627 -1
1868 2646 1
1869 1939 1
1869 2181 1
1869 2804 -1
1870 2668 -1
1874 2028 1
1874 2476 1
1875 2252 1
1875 2899 -1
1876 2140 -1
1876 2401 -1
1876 2727 1
1876 2899 1
1877 2232 -1
1877 2578 1
1878 2196 1
1878 2210 1
1878 2276 -1
1878 2879 -1
1879 2106 1
1879 2114 -1
1879 2768 1
1882 2616 1
1882 2907 1
1883 1918 1
1883 2128 -1
1884 2018 -1
1885 2138 -1
1885 2247 1
1885 2632 1
1886 1982 1
1886 2138 1
1886 2573 -1
1886 2910 -1
1886 2997 -1
1887 1905 1
1887 1934 1
1887 2199 1
1888 2023 -1
1888 2681 -1
1889 2094 -1
1889 2371 1
1889 2723 -1
1889 2773 -1
1891 2226 1
1892 1997 -1
1892 2450 -1
1893 2813 -1
1893 2871 1
1893 2992 1
1896 2646 -1
1896 2974 1
1897 2253 -1
1897 2578 -1
1897 2891 1
1898 2229 -1
1898 2717 -1
1898 2953 1
1899 1917 1
1899 2837 -1
1900 2042 -1
1900 2834 -1
1900 2970 -1
1901 2096 -1
1901 2547 1
1901 2818 -1
1902 2102 -1
1902 2117 -1
1902 2370 1
1902 2509 -1
1903 2582 -1
1903 2803 1
1903 2865 -1
1904 1914 1
1904 1950 1
1905 2214 1
1905 2406 -1
1905 2846 1
1906 2561 1
1907 2302 -1
1907 2650 -1
1908 2565 1
1909 2369 -1
1909 2982 -1
1910 2249 1
1911 2142 1
1911 2195 -1
1911 2674 -1
1912 2976 -1
1913 2125 1
1914 2389 -1
1915 2442 1
1916 2752 -1
1916 2968 1
1917 2193 1
1918 1996 -1
1918 2427 1
1921 2550 -1
1922 1985 1
1922 2094 -1
1922 2415 -1
1923 2452 -1
1923 2481 -1
1925 1929 1
1925 2478 1
1925 2621 -1
1926 2219 -1
1926 2373 -1
1926 2502 1
1926 2714 -1
1927 2480 -1
1927 2587 -1
1928 2288 1
1928 2420 1
1928 2648 -1
1928 2713 -1
1930 2811 1
1931 2688 -1
1931 2945 1
1932 1969 1
1932 1997 1
1932 2373 1
1932 2787 1
1934 2028 1
1934 2203 1
1934 2341 -1
1934 2624 -1
1935 2080 1
1935 2479 1
1936 2224 -1
1936 2625 1
1936 2881 1
1937 2022 -1
1937 2702 -1
1938 1977 -1
1938 2835 1
1938 2990 1
1939 2092 1
1939 2197 -1
1939 2762 -1
1940 1975 -1
1940 2167 -1
1940 2521 -1
1941 1982 1
1941 2602 1
1941 2883 -1
1941 2997 1
1943 2066 1
1943 2534 -1
1944 2186 -1
1944 2753 -1
1945 1946 -1
1945 1949 -1
1945 2687 1
1946 2834 -1
1947 2084 1
1947 2190 -1
1947 2325 -1
1948 2090 1
1948 2308 -1
1949 2038 1
1949 2834 1
1950 2773 -1
1951 2034 1
1951 2517 1
1953 1996 -1
1953 2097 -1
1953 2427 1
1953 2597 -1
1953 2905 -1
1954 2456 1
1955 2248 1
1957 2092 1
1957 2197 -1
1957 2528 -1
1958 2145 1
1959 2706 -1
1959 2777 -1
1960 2129 1
1960 2460 1
1961 2412 -1
1961 2647 1
1962 2479 -1
1962 2543 -1
1963 2834 1
1964 2161 1
1964 2225 -1
1964 2620 -1
1965 2225 -1
1965 2302 -1
1966 2146 1
1966 2441 -1
1967 2716 1
1967 2719 -1
1968 2545 1
1968 2555 1
1968 2718 1
1969 2687 -1
1969 2822 -1
1970 2309 -1
1971 2317 1
1971 2652 -1
1971 2874 -1
1972 2366 1
1973 2603 1
1974 2045 1
1974 2688 1
1974 2774 1
1975 2840 1
1976 2440 -1
1977 2306 1
1977 2628 -1
1977 2638 -1
1978 2030 1
1978 2710 -1
1979 2198 1
1979 2368 -1
1979 2554 1
1979 2633 -1
1980 2177 1
1980 2428 1
1980 2698 1
1982 2031 -1
1982 2553 -1
1983 2028 -1
1983 2253 -1
1985 2819 -1
1986 2864 -1
1987 2414 -1
1987 2468 1
1988 2514 1
1988 2700 -1
1989 2174 -1
1989 2366 -1
1989 2719 1
1990 2319 -1
1991 2385 -1
1992 2517 -1
1994 2162 -1
1995 2099 -1
1995 2549 1
1996 2930 1
1997 2783 -1
1998 2039 -1
1998 2413 -1
1998 2712 1
1999 2171 -1
1999 2292 1
1999 2558 -1
1999 2927 -1
2000 2220 1
2000 2333 -1
2000 2569 1
2000 2814 1
2002 2064 -1
2002 2254 -1
2002 2271 -1
2002 2383 -1
2003 2440 -1
2004 2050 -1
2004 2509 -1
2005 2045 -1
2005 2688 1
2005 2986 -1
2006 2814 1
2007 2085 -1
2007 2479 1
2007 2924 -1
2008 2019 -1
2008 2471 1
2009 2567 -1
2009 2889 1
2010 2398 1
2010 2552 -1
2010 2613 -1
2010 2989 -1
2011 2367 -1
2011 2939 -1
2013 2347 1
2013 2567 1
2013 2634 1
2014 2025 1
2014 2319 -1
2015 2584 1
2015 2665 1
2016 2640 -1
2016 2815 1
2016 2894 1
2017 2352 -1
2017 2657 1
2018 2082 1
2019 2571 1
2020 2160 1
2020 2464 -1
2020 2983 1
2021 2038 -1
2023 2796 1
2023 2967 1
2024 2908 1
2025 2324 1
2025 2512 -1
2025 2710 1
2027 2783 -1
2028 2300 1
2028 2735 -1
2029 2096 -1
2029 2106 1
2029 2114 -1
2029 2327 1
2029 2995 1
2030 2110 1
2030 2127 1
2030 2140 1
2030 2235 -1
2030 2828 -1
2031 2034 -1
2031 2564 -1
2032 2323 -1
2033 2244 1
2033 2848 1
2034 2775 1
2036 2312 1
2036 2382 -1
2036 2497 1
2037 2797 1
2037 2975 1
2038 2294 1
2039 2465 1
2039 2473 -1
2040 2136 1
2040 2683 1
2040 2810 1
2040 2813 -1
2041 2218 -1
2042 2333 -1
2042 2344 1
2042 2473 -1
2042 2569 -1
2042 2735 -1
2042 2964 -1
2043 2058 -1
2043 2292 1
2043 2623 -1
2043 2833 1
2043 2967 1
2044 2054 -1
2044 2713 1
2044 2739 1
2046 2360 -1
2046 2821 1
2047 2108 1
2048 2661 -1
2048 2845 -1
2049 2757 1
2050 2155 1
2050 2354 -1
2050 2585 1
2051 2226 1
2051 2334 1
2051 2745 -1
2052 2566 -1
2053 2210 -1
2053 2547 -1
2053 2851 -1
2054 2395 -1
2054 2598 -1
2054 2921 1
2055 2671 1
2056 2063 1
2056 2341 1
2057 2276 -1
2057 2744 1
2058 2705 -1
2058 2975 1
2059 2615 1
2060 2145 -1
2060 2198 1
2060 2350 1
2060 2360 1
2061 2358 1
2062 2283 1
2062 2538 -1
2062 2879 1
2065 2225 -1
2066 2370 -1
2066 2783 -1
2066 2822 1
2066 2952 1
2071 2652 1
2072 2673 -1
2072 2838 1
2073 2461 -1
2073 2794 -1
2074 2349 1
2074 2854 1
2075 2151 1
2075 2598 1
2075 2885 1
2076 2507 -1
2076 2896 -1
2077 2121 1
2077 2442 1
2079 2499 -1
2080 2180 1
2080 2404 1
2081 2185 1
2081 2318 1
2082 2188 1
2083 2689 1
2084 2218 1
2084 2719 -1
2084 2926 -1
2085 2470 1
2087 2366 -1
2087 2516 1
2088 2994 1
2089 2546 1
2089 2866 -1
2090 2685 1
2092 2691 -1
2094 2604 -1
2094 2744 1
2095 2737 -1
2095 2829 1
2096 2331 -1
2097 2324 -1
2097 2512 -1
2097 2635 -1
2097 2858 1
2098 2434 -1
2098 2572 1
2098 2903 -1
2099 2165 -1
2101 2602 -1
2102 2367 1
2102 2795 1
2103 2449 -1
2104 2400 1
2104 2862 1
2105 2143 -1
2105 2810 1
2106 2453 1
2106 2568 -1
2107 2987 -1
2109 2488 1
2109 2775 -1
2109 2882 -1
2111 2638 1
2111 2942 1
2113 2293 1
2113 2455 1
2113 2480 1
2114 2584 1
2114 2948 1
2116 2430 -1
2116 2715 -1
2116 2971 1
2117 2122 -1
2117 2430 1
2119 2457 1
2119 2540 -1
2121 2315 -1
2121 2923 1
2122 2189 -1
2122 2370 -1
2124 2212 -1
2124 2291 -1
2125 2526 -1
2126 2466 -1
2126 2717 1
2129 2584 1
2130 2234 1
2130 2407 1
2131 2341 -1
2132 2282 1
2132 2374 1
2132 2990 1
2133 2303 1
2134 2307 1
2134 2384 1
2135 2933 1
2136 2552 -1
2136 2613 -1
2136 2708 1
2137 2337 -1
2137 2875 1
2138 2643 -1
2138 2906 -1
2139 2330 -1
2139 2442 -1
2139 2966 1
2140 2561 -1
2140 2639 -1
2140 2799 -1
2141 2196 1
2142 2335 1
2142 2869 -1
2143 2476 1
2143 2956 -1
2144 2514 -1
2144 2545 -1
2144 2874 1
2144 2925 1
2145 2574 1
2145 2642 -1
2146 2366 -1
2146 2864 -1
2147 2246 -1
2147 2746 1
2148 2939 1
2149 2827 -1
2150 2346 1
2150 2790 -1
2151 2832 1
2152 2303 -1
2155 2509 -1
2156 2987 -1
2157 2334 -1
2157 2444 -1
2157 2701 -1
2160 2457 -1
2161 2758 -1
2162 2177 1
2162 2763 1
2163 2705 -1
2163 2827 1
2164 2345 -1
2165 2617 1
2165 2704 -1
2167 2581 1
2167 2771 -1
2167 2794 1
2167 2814 1
2168 2338 -1
2169 2845 -1
2170 2889 -1
2171 2690 -1
2171 2841 -1
2172 2339 1
2172 2549 1
2173 2235 1
2173 2609 -1
2174 2175 1
2175 2594 1
2176 2393 -1
2177 2516 1
2177 2853 1
2179 2657 -1
2179 2860 -1
2180 2289 1
2181 2857 1
2182 2520 -1
2182 2578 -1
2182 2627 -1
2183 2668 1
2185 2807 1
2187 2343 1
2187 2370 1
2187 2499 -1
2187 2567 -1
2189 2430 1
2189 2660 -1
2191 2503 -1
2191 2533 -1
2191 2730 -1
2194 2539 -1
2195 2424 -1
2195 2425 1
2195 2985 -1
2196 2545 -1
2196 2846 -1
2197 2590 1
2198 2236 1
2198 2477 1
2198 2870 1
2200 2379 -1
2200 2450 -1
2201 2322 1
2202 2625 1
2203 2834 1
2204 2976 1
2205 2253 1
2207 2353 1
2207 2928 1
2208 2292 -1
2208 2806 -1
2209 2278 -1
2210 2218 1
2210 2431 1
2210 2861 -1
2211 2418 -1
2211 2821 -1
2214 2686 -1
2215 2527 1
2215 2530 -1
2216 2363 1
2217 2343 1
2217 2527 1
2218 2583 1
2218 2766 1
2218 2824 -1
2220 2762 1
2221 2789 1
2221 2989 1
2222 2929 -1
2223 2556 -1
2223 2610 -1
2224 2716 1
2224 2719 -1
2225 2760 1
2226 2954 -1
2227 2601 -1
2227 2868 -1
2228 2244 -1
2228 2954 1
2229 2845 1
2229 2970 1
2229 2979 1
2230 2709 -1
2230 2814 -1
2232 2594 1
2233 2557 -1
2234 2577 1
2235 2447 -1
2235 2736 -1
2236 2462 -1
2237 2497 1
2238 2905 1
2239 2288 1
2240 2604 1
2241 2354 1
2242 2581 1
2242 2892 -1
2243 2976 1
2244 2277 1
2245 2517 -1
2247 2293 -1
2248 2464 -1
2248 2637 1
2248 2964 -1
2250 2598 1
2250 2953 -1
2251 2412 -1
2251 2647 -1
2252 2955 1
2255 2582 1
2255 2913 -1
2256 2759 1
2258 2904 -1
2259 2296 -1
2260 2597 -1
2262 2396 1
2263 2960 1
2264 2975 1
2266 2285 1
2269 2518 1
2269 2575 1
2270 2834 -1
2270 2970 1
2271 2768 -1
2272 2285 1
2272 2342 1
2272 2486 1
2272 2492 1
2273 2316 1
2273 2684 -1
2274 2579 1
2275 2873 -1
2276 2595 1
2278 2763 1
2279 2505 1
2281 2759 1
2282 2346 -1
2282 2529 1
2283 2581 -1
2284 2334 1
2284 2624 1
2284 2883 -1
2284 2997 -1
2285 2522 1
2288 2927 1
2294 2549 1
2295 2994 -1
2297 2930 1
2298 2420 -1
2301 2358 1
2301 2603 -1
2301 2688 -1
2302 2429 -1
2302 2578 1
2302 2760 1
2302 2912 -1
2303 2435 1
2303 2634 -1
2304 2416 1
2304 2438 -1
2305 2332 1
2306 2364 -1
2308 2570 1
2308 2952 -1
2310 2847 -1
2311 2564 -1
2313 2825 1
2314 2516 -1
2314 2662 1
2314 2855 1
2314 2898 1
2315 2692 -1
2317 2885 -1
2318 2448 -1
2319 2359 1
2319 2710 -1
2320 2506 1
2320 2659 -1
2320 2741 -1
2322 2951 1
2325 2926 1
2326 2398 1
2326 2409 1
2326 2526 -1
2326 2531 1
2327 2645 1
2327 2854 1
2327 2949 -1
2329 2471 1
2330 2334 1
2330 2520 -1
2330 2882 1
2330 2967 -1
2331 2510 -1
2331 2553 1
2331 2995 -1
2332 2945 -1
2333 2786 -1
2334 2442 1
2335 2991 1
2336 2367 -1
2336 2512 -1
2337 2523 1
2338 2498 1
2338 2923 -1
2339 2598 1
2340 2838 -1
2340 2909 -1
2341 2367 1
2341 2404 -1
2341 2939 1
2342 2412 1
2342 2607 -1
2343 2863 -1
2343 2873 1
2343 2917 1
2344 2582 1
2344 2591 1
2344 2699 -1
2344 2786 -1
2344 2862 1
2345 2493 -1
2345 2494 -1
2345 2694 1
2345 2805 -1
2346 2551 -1
2346 2990 -1
2348 2989 -1
2350 2574 1
2351 2719 -1
2353 2786 -1
2355 2455 1
2355 2602 1
2355 2648 1
2356 2859 -1
2357 2547 -1
2358 2935 -1
2360 2877 1
2361 2436 -1
2361 2697 -1
2361 2798 1
2362 2495 1
2363 2530 1
2363 2589 1
2364 2628 1
2364 2830 1
2365 2848 -1
2366 2378 -1
2366 2405 1
2367 2768 -1
2369 2435 1
2369 2486 -1
2369 2492 1
2370 2803 1
2372 2431 1
2372 2567 -1
2374 2529 -1
2374 2836 1
2374 2886 -1
2375 2852 -1
2376 2436 -1
2376 2697 -1
2376 2802 -1
2376 2919 -1
2377 2380 1
2377 2592 1
2377 2762 1
2377 2902 -1
2377 2962 1
2381 2456 1
2383 2585 1
2384 2400 1
2384 2776 -1
2387 2601 1
2388 2488 -1
2389 2496 1
2389 2863 1
2390 2809 -1
2391 2948 -1
2392 2479 1
2393 2710 -1
2397 2440 -1
2400 2934 -1
2401 2767 1
2401 2927 -1
2402 2957 1
2406 2474 1
2406 2936 1
2407 2585 -1
2408 2745 -1
2408 2992 -1
2409 2660 -1
2411 2916 -1
2412 2633 1
2414 2943 1
2414 2969 1
2415 2658 -1
2418 2729 1
2418 2931 -1
2420 2627 -1
2423 2684 -1
2424 2524 1
2425 2654 -1
2426 2529 1
2426 2884 1
2427 2635 1
2428 2592 1
2428 2825 1
2431 2547 1
2432 2573 -1
2432 2878 1
2432 2997 -1
2434 2786 1
2434 2859 -1
2436 2973 1
2438 2507 1
2438 2965 -1
2439 2726 -1
2439 2835 -1
2443 2895 1
2443 2944 1
2444 2644 1
2445 2471 -1
2445 2626 1
2445 2716 1
2446 2847 1
2447 2784 -1
2448 2676 1
2449 2537 1
2449 2843 -1
2450 2975 -1
2451 2841 1
2451 2980 -1
2452 2702 -1
2457 2576 1
2458 2975 -1
2459 2945 -1
2460 2584 -1
2461 2821 1
2462 2867 -1
2464 2831 1
2465 2712 1
2466 2478 1
2466 2489 -1
2466 2521 1
2467 2749 -1
2470 2755 1
2470 2822 -1
2471 2777 -1
2472 2661 1
2472 2792 -1
2472 2896 1
2474 2570 1
2474 2840 1
2474 2846 -1
2475 2619 -1
2475 2933 -1
2477 2536 1
2478 2595 1
2481 2702 -1
2481 2747 -1
2484 2542 -1
2484 2572 1
2487 2827 -1
2488 2782 1
2489 2717 1
2491 2765 -1
2492 2607 -1
2495 2770 -1
2496 2785 -1
2496 2826 1
2496 2934 1
2498 2515 -1
2498 2544 1
2498 2764 1
2500 2614 -1
2500 2876 1
2502 2814 -1
2507 2914 1
2508 2511 1
2512 2848 -1
2512 2962 1
2513 2586 -1
2514 2731 -1
2515 2901 -1
2519 2678 1
2521 2714 1
2523 2923 -1
2525 2780 1
2526 2548 -1
2526 2822 1
2527 2917 1
2528 2946 -1
2529 2607 -1
2531 2754 1
2533 2780 1
2533 2916 -1
2534 2544 1
2534 2635 1
2534 2764 -1
2534 2952 1
2535 2668 -1
2536 2784 1
2538 2922 -1
2541 2715 -1
2543 2827 -1
2544 2901 -1
2545 2655 -1
2548 2593 1
2550 2748 1
2550 2858 -1
2551 2638 -1
2551 2656 1
2552 2628 1
2555 2579 -1
2555 2787 -1
2557 2650 1
2557 2817 -1
2558 2614 1
2558 2704 -1
2559 2860 -1
2559 2876 -1
2559 2889 1
2560 2737 -1
2567 2606 -1
2568 2602 1
2568 2849 -1
2570 2666 1
2571 2629 -1
2577 2595 1
2577 2929 -1
2578 2798 1
2579 2654 1
2580 2675 -1
2580 2890 1
2581 2893 1
2584 2995 1
2585 2880 1
2586 2940 1
2588 2664 -1
2592 2604 -1
2592 2861 1
2597 2748 -1
2599 2786 1
2599 2883 -1
2600 2601 -1
2600 2820 -1
2600 2899 -1
2602 2747 1
2602 2808 -1
2604 2662 -1
2604 2893 -1
2605 2843 -1
2609 2802 1
2609 2919 -1
2610 2960 -1
2612 2695 1
2614 2683 -1
2619 2937 1
2620 2852 1
2622 2809 1
2622 2925 -1
2626 2777 -1
2626 2877 1
2627 2669 -1
2627 2952 -1
2628 2685 1
2628 2708 1
2630 2941 -1
2631 2644 -1
2633 2722 -1
2633 2903 -1
2642 2957 -1
2643 2910 1
2643 2949 1
2645 2792 -1
2648 2828 -1
2651 2746 1
2652 2666 -1
2653 2773 1
2654 2842 -1
2654 2985 -1
2655 2693 -1
2657 2773 1
2659 2690 1
2659 2952 1
2661 2918 1
2663 2968 1
2664 2729 1
2665 2899 -1
2670 2686 -1
2671 2735 -1
2672 2789 1
2674 2953 1
2675 2860 -1
2675 2966 -1
2676 2902 -1
2680 2965 -1
2682 2926 1
2685 2761 1
2685 2803 -1
2688 2900 -1
2691 2751 -1
2692 2877 -1
2692 2923 -1
2696 2772 1
2696 2805 -1
2700 2869 1
2703 2775 1
2710 2962 1
2715 2832 -1
2719 2993 -1
2720 2813 -1
2720 2884 1
2721 2776 -1
2724 2726 -1
2726 2910 1
2727 2950 -1
2731 2794 -1
2737 2945 -1
2738 2764 -1
2740 2990 -1
2742 2997 1
2745 2954 1
2749 2869 -1
2749 2916 -1
2750 2922 1
2750 2974 -1
2752 2848 1
2754 2998 -1
2755 2860 1
2756 2832 -1
2758 2961 1
2765 2852 -1
2767 2839 1
2767 2947 1
2775 2899 -1
2777 2994 -1
2781 2904 -1
2784 2811 1
2784 2907 1
2784 2971 -1
2791 2878 1
2792 2854 -1
2796 2851 -1
2801 2873 -1
2802 2973 -1
2804 2825 1
2810 2856 -1
2810 2956 -1
2817 2972 -1
2818 2827 -1
2820 2986 1
2821 2877 -1
2829 2893 -1
2831 2983 1
2832 2852 1
2835 2910 1
2853 2862 1
2861 2893 1
2864 2895 1
2868 2943 1
2869 2991 -1
2876 2888 -1
2884 2911 -1
2896 2914 1
2896 2918 1
2898 2979 -1
2900 2986 1
2901 2942 -1
2901 2978 1
2909 2991 -1
2913 2950 -1
2914 2965 -1
2915 2943 1
2921 2926 1
2937 2973 -1
2939 2983 1
2953 2970 1
2976 2981 1
