3000 5997
1 1618 -47
1 3000 1
2 2667 35
2 3000 1
3 147 -1
3 2500 -68
3 3000 1
4 1001 92
4 3000 1
5 2747 73
5 3000 1
6 1080 92
6 3000 1
7 222 86
7 2105 28
7 3000 1
8 380 20
8 2306 43
8 2559 64
8 3000 1
9 2009 -71
9 2740 -45
9 3000 1
10 735 -73
10 2548 41
10 3000 1
11 813 -11
11 1877 54
11 1943 72
11 3000 1
12 1862 2
12 2722 -62
12 3000 1
13 1373 -96
13 3000 1
14 1989 96
14 3000 1
15 268 -21
15 1715 -56
15 3000 1
16 294 -98
16 1774 -45
16 3000 1
17 2430 -23
17 3000 1
18 779 46
18 3000 1
19 240 -83
19 1526 -52
19 1854 -34
19 3000 1
20 2761 -26
20 3000 1
21 1242 -88
21 3000 1
22 226 99
22 3000 1
23 665 77
23 3000 1
24 2253 -14
24 2848 13
24 3000 1
25 149 76
25 2732 -37
25 3000 1
26 845 -9
26 1192 61
26 1796 93
26 3000 1
27 1404 98
27 2508 50
27 3000 1
28 686 -40
28 1012 -11
28 1709 47
28 3000 1
29 2115 -82
29 3000 1
30 968 3
30 3000 1
31 978 -36
31 1228 8
31 3000 1
32 42 -64
32 278 62
32 362 -73
32 470 77
32 3000 1
33 1921 -67
33 2262 58
33 2364 22
33 3000 1
34 682 40
34 1250 38
34 2669 87
34 3000 1
35 2531 32
35 3000 1
36 509 55
36 1026 66
36 3000 1
37 984 -68
37 1776 -40
37 2561 93
37 3000 1
38 363 -67
38 772 70
38 2573 -69
38 3000 1
39 1168 67
39 3000 1
40 651 94
40 1957 -93
40 2002 45
40 2369 20
40 3000 1
41 683 -92
41 1338 28
41 3000 1
42 3000 1
43 939 -74
43 1081 96
43 1223 -55
43 1281 96
43 3000 1
44 2934 -6
44 3000 1
45 202 67
45 1495 75
45 3000 1
46 1357 29
46 3000 1
47 56 29
47 949 -55
47 3000 1
48 1810 -8
48 3000 1
49 1754 82
49 3000 1
50 983 39
50 2081 -71
50 3000 1
51 612 86
51 3000 1
52 1823 -78
52 3000 1
53 344 -55
53 1714 -96
53 2078 57
53 2253 47
53 3000 1
54 1773 -81
54 2589 54
54 3000 1
55 993 78
55 3000 1
56 1568 53
56 3000 1
57 350 53
57 769 45
57 816 -86
57 1578 -19
57 3000 1
58 272 37
58 3000 1
59 608 64
59 3000 1
60 2064 -33
60 3000 1
61 386 -23
61 3000 1
62 1041 12
62 1818 46
62 2537 83
62 3000 1
63 1025 -26
63 2656 39
63 3000 1
64 1215 98
64 3000 1
65 407 34
65 2574 67
65 3000 1
66 227 10
66 260 -18
66 1020 -43
66 3000 1
67 1844 21
67 3000 1
68 1772 -92
68 2043 -34
68 3000 1
69 678 6
69 3000 1
70 1424 73
70 1554 17
70 1704 -50
70 2258 -1
70 3000 1
71 2069 100
71 3000 1
72 905 -85
72 3000 1
73 1988 -81
73 3000 1
74 187 6
74 3000 1
75 2243 -19
75 3000 1
76 2275 -53
76 2728 -92
76 3000 1
77 211 -40
77 3000 1
78 543 -25
78 1367 -14
78 3000 1
79 1232 69
79 3000 1
80 2718 -10
80 3000 1
81 96 -95
81 2996 -31
81 3000 1
82 1247 78
82 2126 85
82 2547 47
82 3000 1
83 283 -29
83 2399 93
83 3000 1
84 481 -27
84 2507 -63
84 3000 1
85 417 10
85 3000 1
86 882 -27
86 2759 -12
86 3000 1
87 2032 -20
87 3000 1
88 435 -91
88 1140 14
88 2813 14
88 3000 1
89 240 -2
89 2313 36
89 3000 1
90 449 74
90 649 -23
90 2915 21
90 3000 1
91 150 20
91 3000 1
92 1434 -47
92 1914 83
92 3000 1
93 256 -78
93 1495 -61
93 3000 1
94 730 -16
94 1636 -3
94 1917 61
94 3000 1
95 377 5
95 2321 51
95 3000 1
96 431 66
96 453 -58
96 3000 1
97 813 -78
97 3000 1
98 1165 1
98 2351 -5
98 2965 62
98 3000 1
99 1082 44
99 2909 93
99 3000 1
100 2417 71
100 3000 1
101 276 -52
101 1964 -28
101 2951 63
101 3000 1
102 1498 -97
102 3000 1
103 1403 96
103 1612 11
103 2369 -5
103 3000 1
104 187 67
104 1350 83
104 3000 1
105 2081 92
105 2100 28
105 2213 -37
105 3000 1
106 311 -18
106 3000 1
107 231 -4
107 281 -60
107 1107 1
107 2053 -41
107 2315 -7
107 2486 3
107 3000 1
108 491 9
108 3000 1
109 2662 43
109 3000 1
110 668 79
110 3000 1
111 1038 -54
111 3000 1
112 1067 68
112 1101 -88
112 1151 50
112 1341 -21
112 3000 1
113 1801 -96
113 2666 53
113 3000 1
114 657 4
114 2523 -45
114 3000 1
115 1194 38
115 1925 53
115 3000 1
116 2674 -64
116 3000 1
117 737 -84
117 2849 10
117 3000 1
118 2017 37
118 2554 -20
118 3000 1
119 1938 -73
119 2705 85
119 3000 1
120 1700 -87
120 3000 1
121 2920 25
121 3000 1
122 1413 -11
122 3000 1
123 294 41
123 2912 8
123 2920 -23
123 3000 1
124 2265 71
124 3000 1
125 1401 96
125 2786 -89
125 3000 1
126 412 87
126 1103 -69
126 1502 -95
126 3000 1
127 2491 -37
127 3000 1
128 248 -98
128 347 -66
128 1000 -32
128 2454 87
128 3000 1
129 1351 -66
129 3000 1
130 1154 -87
130 3000 1
131 478 16
131 3000 1
132 1694 -55
132 3000 1
133 1172 89
133 1342 -7
133 2832 -75
133 3000 1
134 1097 -34
134 1106 -48
134 2702 72
134 3000 1
135 862 -38
135 1716 -75
135 3000 1
136 1336 24
136 2386 -50
136 3000 1
137 926 -43
137 2229 56
137 3000 1
138 354 83
138 1380 18
138 1433 -29
138 3000 1
139 729 -67
139 2314 -33
139 3000 1
140 262 -99
140 3000 1
141 208 82
141 3000 1
142 484 38
142 2065 48
142 3000 1
143 882 38
143 1052 30
143 2590 -50
143 3000 1
144 482 -48
144 766 -51
144 824 95
144 3000 1
145 217 -43
145 3000 1
146 148 2
146 3000 1
147 3000 1
148 478 54
148 2533 -38
148 2773 -88
148 3000 1
149 1348 80
149 3000 1
150 462 -31
150 1965 72
150 2084 -83
150 2219 82
150 3000 1
151 1230 23
151 2877 -55
151 2926 -52
151 3000 1
152 1848 77
152 3000 1
153 837 -59
153 1137 37
153 2882 -5
153 3000 1
154 455 61
154 2607 -52
154 3000 1
155 1303 -24
155 1317 -31
155 3000 1
156 510 34
156 1413 -70
156 2791 -26
156 3000 1
157 1119 -62
157 3000 1
158 372 37
158 1944 19
158 3000 1
159 2130 -91
159 2311 99
159 2821 -94
159 3000 1
160 193 -34
160 438 87
160 719 -96
160 1407 90
160 1959 53
160 2941 59
160 3000 1
161 919 -4
161 1068 -96
161 2275 55
161 3000 1
162 774 -76
162 1241 59
162 2757 55
162 3000 1
163 427 16
163 906 71
163 3000 1
164 239 -38
164 3000 1
165 1238 25
165 3000 1
166 619 86
166 3000 1
167 484 -53
167 751 -63
167 3000 1
168 1056 43
168 1095 -30
168 2177 -54
168 3000 1
169 347 34
169 480 39
169 882 8
169 3000 1
170 1432 35
170 2485 34
170 3000 1
171 192 87
171 261 45
171 2439 -74
171 3000 1
172 2750 -69
172 3000 1
173 1696 -72
173 3000 1
174 1343 48
174 3000 1
175 1344 -62
175 3000 1
176 2298 49
176 3000 1
177 1781 -14
177 3000 1
178 2543 36
178 3000 1
179 776 -63
179 2747 -61
179 3000 1
180 1755 -31
180 2115 -38
180 2867 -36
180 3000 1
181 532 15
181 3000 1
182 614 3
182 773 -39
182 1279 88
182 1951 -79
182 3000 1
183 2094 78
183 2592 43
183 3000 1
184 831 -40
184 2688 47
184 3000 1
185 191 -10
185 3000 1
186 464 57
186 3000 1
187 822 -57
187 1161 -32
187 2839 -82
187 3000 1
188 1498 -64
188 1533 10
188 1967 59
188 3000 1
189 851 -20
189 857 83
189 2082 -80
189 2416 98
189 3000 1
190 1410 -58
190 1852 85
190 3000 1
191 756 65
191 1929 34
191 3000 1
192 3000 1
193 589 82
193 1504 8
193 2955 -42
193 3000 1
194 768 62
194 1164 57
194 1615 -22
194 2111 -48
194 2437 -41
194 3000 1
195 2746 93
195 3000 1
196 978 -58
196 3000 1
197 269 20
197 3000 1
198 617 99
198 1479 -90
198 3000 1
199 435 68
199 1747 -56
199 3000 1
200 1288 41
200 3000 1
201 1915 -59
201 1930 44
201 1971 -30
201 2534 -20
201 3000 1
202 208 32
202 293 -29
202 328 -41
202 3000 1
203 576 -67
203 697 47
203 1392 -27
203 1412 57
203 2906 70
203 2991 16
203 3000 1
204 1660 -22
204 3000 1
205 2482 -48
205 3000 1
206 636 48
206 3000 1
207 1334 67
207 2150 -53
207 2960 -56
207 3000 1
208 541 21
208 710 -86
208 744 -75
208 2786 75
208 3000 1
209 620 45
209 1057 -76
209 1229 44
209 2832 59
209 3000 1
210 1732 12
210 2252 4
210 2397 -18
210 3000 1
211 445 -36
211 3000 1
212 2752 -98
212 3000 1
213 765 -72
213 1333 -84
213 3000 1
214 261 53
214 3000 1
215 1029 31
215 1964 1
215 2226 -99
215 3000 1
216 1918 -69
216 3000 1
217 404 -46
217 1937 54
217 3000 1
218 1573 -63
218 2665 -7
218 2884 35
218 3000 1
219 2972 15
219 3000 1
220 860 23
220 1168 5
220 2427 -24
220 3000 1
221 760 -5
221 3000 1
222 3000 1
223 729 -74
223 763 -78
223 1643 -35
223 3000 1
224 2560 -18
224 3000 1
225 522 55
225 582 7
225 2769 -77
225 3000 1
226 1323 19
226 3000 1
227 3000 1
228 1506 6
228 2161 -73
228 3000 1
229 779 -91
229 1608 72
229 3000 1
230 546 18
230 785 66
230 2269 -45
230 3000 1
231 1396 -72
231 1627 72
231 1638 79
231 3000 1
232 1613 -100
232 3000 1
233 662 -89
233 678 -61
233 3000 1
234 518 2
234 580 91
234 1230 21
234 1471 -98
234 2989 -16
234 3000 1
235 248 -7
235 673 79
235 2620 -33
235 3000 1
236 1174 85
236 2599 52
236 2872 -94
236 3000 1
237 1204 59
237 3000 1
238 2368 -50
238 2454 52
238 3000 1
239 644 14
239 1870 -23
239 1941 14
239 3000 1
240 758 61
240 3000 1
241 689 19
241 3000 1
242 640 38
242 3000 1
243 1939 -36
243 2640 -82
243 3000 1
244 2811 48
244 3000 1
245 2650 -53
245 2924 69
245 3000 1
246 536 -29
246 3000 1
247 734 58
247 3000 1
248 1119 -48
248 3000 1
249 494 -18
249 1601 16
249 2259 -55
249 2755 38
249 3000 1
250 422 21
250 1160 -78
250 2891 90
250 3000 1
251 2084 52
251 3000 1
252 618 -31
252 1029 -20
252 1438 -7
252 3000 1
253 1055 90
253 1220 -42
253 3000 1
254 1600 59
254 3000 1
255 1900 -81
255 3000 1
256 3000 1
257 1077 95
257 1444 90
257 1598 14
257 2121 14
257 2225 53
257 3000 1
258 761 68
258 1140 64
258 1896 75
258 3000 1
259 960 -29
259 2284 -13
259 2505 36
259 2754 -36
259 3000 1
260 1056 -77
260 2035 16
260 3000 1
261 1528 64
261 3000 1
262 1498 42
262 1999 22
262 3000 1
263 1631 5
263 2360 59
263 3000 1
264 2801 86
264 3000 1
265 291 14
265 1414 89
265 3000 1
266 919 -51
266 3000 1
267 1093 -54
267 3000 1
268 1096 -49
268 3000 1
269 1419 -15
269 1546 -24
269 2361 32
269 3000 1
270 1147 86
270 1258 64
270 1357 -4
270 3000 1
271 787 84
271 2116 -27
271 2557 48
271 3000 1
272 637 96
272 3000 1
273 2292 96
273 2794 -29
273 3000 1
274 2976 93
274 3000 1
275 1552 -19
275 2278 59
275 3000 1
276 867 -9
276 1345 -79
276 1364 -32
276 3000 1
277 1087 -60
277 3000 1
278 3000 1
279 817 -99
279 3000 1
280 994 -64
280 1850 89
280 3000 1
281 3000 1
282 911 81
282 1507 16
282 1859 -92
282 3000 1
283 966 87
283 1655 -69
283 2561 -26
283 3000 1
284 748 -100
284 1508 -12
284 3000 1
285 290 22
285 2494 17
285 3000 1
286 719 30
286 3000 1
287 2431 16
287 2647 -81
287 2797 -40
287 3000 1
288 767 -78
288 3000 1
289 2340 -60
289 2715 -70
289 3000 1
290 3000 1
291 2089 89
291 3000 1
292 398 -30
292 1157 -61
292 3000 1
293 862 -6
293 3000 1
294 3000 1
295 488 95
295 3000 1
296 529 95
296 1202 -72
296 3000 1
297 810 59
297 2003 69
297 3000 1
298 1297 -25
298 2539 55
298 3000 1
299 1012 -30
299 1228 36
299 3000 1
300 577 94
300 2555 -11
300 3000 1
301 1659 14
301 1837 87
301 3000 1
302 2120 99
302 2445 -38
302 3000 1
303 320 96
303 2092 64
303 2126 26
303 3000 1
304 621 -71
304 796 -51
304 1833 80
304 1860 61
304 2878 -58
304 3000 1
305 2448 -46
305 3000 1
306 1645 73
306 1797 -21
306 2615 -52
306 3000 1
307 1002 -87
307 3000 1
308 1981 2
308 3000 1
309 2771 16
309 3000 1
310 687 -30
310 3000 1
311 1448 -95
311 1781 57
311 1944 24
311 3000 1
312 1076 -31
312 2331 61
312 3000 1
313 1862 79
313 2055 76
313 2947 -14
313 3000 1
314 1485 -52
314 3000 1
315 323 79
315 517 97
315 3000 1
316 513 -65
316 2275 18
316 2778 6
316 3000 1
317 2144 49
317 3000 1
318 567 -31
318 1581 57
318 2309 26
318 2851 9
318 3000 1
319 580 -17
319 1542 -36
319 3000 1
320 1205 53
320 3000 1
321 938 74
321 1660 -85
321 1838 -18
321 3000 1
322 1970 62
322 2759 29
322 3000 1
323 2352 51
323 3000 1
324 1295 51
324 2824 69
324 3000 1
325 1829 -57
325 3000 1
326 1441 -84
326 3000 1
327 2672 53
327 3000 1
328 1574 -2
328 3000 1
329 2979 19
329 2987 -55
329 3000 1
330 342 -41
330 680 -72
330 1089 -69
330 3000 1
331 1957 -100
331 2821 19
331 3000 1
332 1389 2
332 3000 1
333 1948 73
333 3000 1
334 1492 -17
334 2564 18
334 2732 -91
334 3000 1
335 1214 -95
335 1363 47
335 3000 1
336 1634 90
336 3000 1
337 2846 -52
337 3000 1
338 1804 36
338 2416 4
338 3000 1
339 2486 -39
339 3000 1
340 2972 -45
340 3000 1
341 2060 66
341 2349 28
341 3000 1
342 1023 41
342 3000 1
343 596 -49
343 2733 98
343 3000 1
344 1543 51
344 1560 -42
344 3000 1
345 1596 -54
345 3000 1
346 1622 -79
346 1669 62
346 2587 23
346 3000 1
347 966 -43
347 3000 1
348 2769 -23
348 3000 1
349 2163 -29
349 2184 72
349 3000 1
350 638 -86
350 3000 1
351 1154 11
351 3000 1
352 690 41
352 3000 1
353 760 83
353 832 -57
353 1574 -46
353 2328 46
353 3000 1
354 3000 1
355 2167 69
355 2492 12
355 3000 1
356 2317 -52
356 2810 33
356 3000 1
357 1128 9
357 1501 9
357 1899 73
357 2777 -77
357 3000 1
358 2209 81
358 3000 1
359 1323 -97
359 2294 -48
359 2364 -27
359 3000 1
360 1269 21
360 2556 -60
360 3000 1
361 861 14
361 3000 1
362 1744 -84
362 2078 56
362 3000 1
363 3000 1
364 2273 34
364 2511 1
364 2782 78
364 3000 1
365 2584 26
365 3000 1
366 2172 -42
366 3000 1
367 1237 68
367 1416 49
367 3000 1
368 1830 33
368 3000 1
369 530 -83
369 1112 32
369 1256 -88
369 3000 1
370 1969 -44
370 2690 -62
370 3000 1
371 2599 -11
371 2723 16
371 3000 1
372 1928 -9
372 3000 1
373 803 71
373 1264 -74
373 3000 1
374 1121 71
374 3000 1
375 972 23
375 1015 -53
375 3000 1
376 550 16
376 1366 84
376 3000 1
377 3000 1
378 1598 79
378 2525 59
378 2788 52
378 3000 1
379 584 -23
379 3000 1
380 1243 -36
380 3000 1
381 940 -51
381 2309 81
381 3000 1
382 1741 -47
382 2753 19
382 2785 78
382 3000 1
383 2674 22
383 3000 1
384 2052 -7
384 2559 -49
384 2708 -42
384 3000 1
385 516 -45
385 3000 1
386 2354 55
386 3000 1
387 652 -53
387 1628 28
387 3000 1
388 1083 -76
388 2496 26
388 3000 1
389 461 -13
389 774 -70
389 886 -56
389 1512 59
389 3000 1
390 890 6
390 1199 -12
390 1298 12
390 1536 -49
390 3000 1
391 893 18
391 3000 1
392 1172 20
392 2142 -91
392 3000 1
393 2473 -87
393 3000 1
394 2235 -18
394 3000 1
395 2420 45
395 3000 1
396 1171 64
396 1408 75
396 1768 27
396 3000 1
397 2538 62
397 3000 1
398 1930 -2
398 3000 1
399 947 90
399 2159 -58
399 3000 1
400 1632 -31
400 3000 1
401 889 71
401 3000 1
402 1055 21
402 2045 -18
402 3000 1
403 2668 -20
403 3000 1
404 496 74
404 740 -6
404 1148 -79
404 3000 1
405 864 77
405 2865 -33
405 3000 1
406 2188 -66
406 3000 1
407 2068 -64
407 2836 36
407 3000 1
408 1868 27
408 3000 1
409 626 -72
409 3000 1
410 1595 -44
410 3000 1
411 919 -25
411 1324 -37
411 3000 1
412 563 -7
412 3000 1
413 1115 47
413 3000 1
414 1473 -89
414 1865 -33
414 3000 1
415 2114 -14
415 2208 57
415 3000 1
416 2833 -38
416 3000 1
417 2213 -4
417 3000 1
418 892 90
418 3000 1
419 1822 74
419 3000 1
420 2654 28
420 3000 1
421 874 -16
421 1222 33
421 2056 12
421 2140 29
421 2910 -21
421 3000 1
422 3000 1
423 1910 -38
423 3000 1
424 1642 -4
424 2088 38
424 3000 1
425 1936 -88
425 3000 1
426 835 -83
426 2281 39
426 2294 -52
426 3000 1
427 1930 3
427 3000 1
428 2993 -8
428 3000 1
429 879 68
429 1111 -37
429 3000 1
430 676 -41
430 1168 -89
430 1588 4
430 2771 24
430 2872 -59
430 3000 1
431 1673 35
431 2774 9
431 3000 1
432 2802 38
432 3000 1
433 1872 87
433 2406 77
433 3000 1
434 1025 -14
434 1066 56
434 3000 1
435 2716 -65
435 3000 1
436 2677 -43
436 3000 1
437 1221 -37
437 3000 1
438 3000 1
439 1503 -75
439 3000 1
440 1794 -79
440 2599 -6
440 3000 1
441 1497 94
441 3000 1
442 2112 -35
442 3000 1
443 815 82
443 1249 53
443 3000 1
444 720 64
444 1023 14
444 2034 9
444 2210 -31
444 3000 1
445 2161 -20
445 3000 1
446 593 -77
446 791 91
446 906 35
446 3000 1
447 1507 -40
447 2485 -63
447 3000 1
448 1051 -20
448 3000 1
449 2243 -29
449 3000 1
450 609 -87
450 695 -26
450 1599 -7
450 3000 1
451 703 -58
451 965 -73
451 1431 74
451 3000 1
452 974 -18
452 2976 -97
452 3000 1
453 3000 1
454 519 29
454 3000 1
455 2451 94
455 3000 1
456 2787 62
456 3000 1
457 2105 97
457 2532 50
457 3000 1
458 936 -97
458 2643 43
458 3000 1
459 721 -48
459 1559 -44
459 1977 -87
459 2865 26
459 3000 1
460 2636 -68
460 3000 1
461 893 -10
461 3000 1
462 2544 -42
462 2662 -60
462 3000 1
463 1150 -25
463 2711 96
463 3000 1
464 525 83
464 1543 8
464 2698 -6
464 3000 1
465 775 -35
465 3000 1
466 1630 -40
466 1873 -5
466 3000 1
467 1907 54
467 3000 1
468 1610 -99
468 3000 1
469 2336 -96
469 2745 -91
469 3000 1
470 1065 60
470 1733 -100
470 2100 43
470 2379 -97
470 3000 1
471 1208 75
471 2489 -12
471 2758 41
471 3000 1
472 1133 -60
472 3000 1
473 2296 -99
473 3000 1
474 1708 -33
474 2415 -24
474 2881 55
474 2956 -42
474 3000 1
475 560 -91
475 1027 -83
475 3000 1
476 1036 2
476 3000 1
477 1130 -41
477 2550 33
477 3000 1
478 1886 -4
478 3000 1
479 2715 -8
479 3000 1
480 640 62
480 690 41
480 1462 -13
480 3000 1
481 504 -2
481 3000 1
482 741 -14
482 3000 1
483 1640 47
483 3000 1
484 3000 1
485 2654 -30
485 2706 -90
485 3000 1
486 1899 -15
486 3000 1
487 1706 -75
487 2324 -57
487 3000 1
488 1006 -86
488 3000 1
489 2453 -43
489 3000 1
490 2546 35
490 3000 1
491 894 44
491 3000 1
492 2368 -80
492 3000 1
493 802 30
493 1807 -70
493 2134 -44
493 2756 -50
493 3000 1
494 3000 1
495 1239 23
495 1841 33
495 3000 1
496 581 -57
496 3000 1
497 1031 -5
497 2914 -78
497 3000 1
498 749 -18
498 1630 90
498 2382 -60
498 3000 1
499 2266 -64
499 3000 1
500 849 -24
500 2237 -85
500 2782 -92
500 3000 1
501 2203 81
501 2442 50
501 2604 62
501 3000 1
502 2375 -48
502 3000 1
503 1426 67
503 2751 34
503 2772 17
503 3000 1
504 3000 1
505 1664 -8
505 3000 1
506 920 83
506 3000 1
507 544 21
507 3000 1
508 1905 70
508 2657 -31
508 3000 1
509 3000 1
510 566 -79
510 3000 1
511 956 6
511 3000 1
512 982 -88
512 3000 1
513 2358 60
513 3000 1
514 1511 90
514 2740 -14
514 3000 1
515 1351 -44
515 2135 79
515 3000 1
516 1347 -34
516 3000 1
517 2813 92
517 3000 1
518 2475 19
518 3000 1
519 942 6
519 2702 -82
519 3000 1
520 610 -7
520 2129 37
520 2142 30
520 3000 1
521 1595 -79
521 1920 -50
521 2073 57
521 2352 -65
521 3000 1
522 2770 -99
522 3000 1
523 637 34
523 2051 -93
523 2413 45
523 3000 1
524 619 95
524 1732 -23
524 3000 1
525 3000 1
526 2257 -70
526 2693 76
526 3000 1
527 1671 -60
527 3000 1
528 2133 -91
528 3000 1
529 1220 45
529 2407 36
529 2504 64
529 3000 1
530 3000 1
531 641 -56
531 1173 -78
531 2703 97
531 2812 76
531 3000 1
532 997 -3
532 3000 1
533 2222 96
533 3000 1
534 784 -99
534 3000 1
535 639 57
535 2850 7
535 3000 1
536 1376 30
536 3000 1
537 2381 69
537 2689 66
537 2948 27
537 3000 1
538 1380 28
538 3000 1
539 793 -44
539 3000 1
540 1682 67
540 3000 1
541 1923 -90
541 2199 75
541 3000 1
542 2924 81
542 3000 1
543 1672 89
543 2079 -53
543 3000 1
544 2966 -44
544 3000 1
545 583 -94
545 1486 21
545 2074 59
545 3000 1
546 1853 14
546 2305 -13
546 2939 -47
546 3000 1
547 2044 59
547 3000 1
548 1936 -31
548 2268 -37
548 2907 -84
548 2961 -38
548 3000 1
549 1816 11
549 3000 1
550 2717 40
550 3000 1
551 2972 -45
551 3000 1
552 2441 -27
552 2830 -58
552 3000 1
553 2395 77
553 2505 80
553 2898 87
553 3000 1
554 1534 24
554 3000 1
555 1908 90
555 3000 1
556 1692 64
556 2182 -15
556 3000 1
557 946 -81
557 1385 -1
557 3000 1
558 2444 76
558 3000 1
559 562 36
559 2029 -69
559 2860 -66
559 3000 1
560 970 43
560 1590 11
560 1635 -71
560 3000 1
561 1743 23
561 2376 -3
561 3000 1
562 2370 42
562 3000 1
563 3000 1
564 1499 -46
564 1872 -98
564 3000 1
565 566 19
565 1503 94
565 3000 1
566 3000 1
567 1745 26
567 3000 1
568 1282 7
568 1587 3
568 1973 75
568 2966 -96
568 3000 1
569 1784 37
569 2482 84
569 3000 1
570 1033 5
570 2186 80
570 2683 46
570 2880 -62
570 2913 3
570 3000 1
571 854 45
571 2184 97
571 3000 1
572 576 12
572 3000 1
573 1134 -76
573 3000 1
574 2539 23
574 3000 1
575 2582 -68
575 3000 1
576 3000 1
577 709 -82
577 3000 1
578 685 55
578 1301 -70
578 1861 52
578 3000 1
579 1282 -41
579 3000 1
580 1487 58
580 1609 -96
580 3000 1
581 3000 1
582 1600 -55
582 3000 1
583 1051 -12
583 2794 76
583 3000 1
584 1252 43
584 1784 -55
584 2494 64
584 3000 1
585 913 45
585 2531 -60
585 3000 1
586 1675 -80
586 3000 1
587 595 -10
587 1001 -15
587 1629 65
587 2672 49
587 3000 1
588 1588 39
588 2251 -75
588 3000 1
589 3000 1
590 1958 -65
590 2101 8
590 3000 1
591 798 59
591 1039 -55
591 1783 -78
591 3000 1
592 2476 -70
592 3000 1
593 2188 -38
593 2430 -53
593 3000 1
594 902 66
594 1092 95
594 2753 5
594 3000 1
595 764 -20
595 867 -1
595 1670 -14
595 1778 -30
595 2296 27
595 3000 1
596 1416 66
596 2895 97
596 3000 1
597 1494 88
597 2362 52
597 3000 1
598 1102 -18
598 3000 1
599 1693 33
599 1832 77
599 3000 1
600 735 -100
600 1351 -65
600 3000 1
601 819 84
601 2815 99
601 3000 1
602 1026 -47
602 3000 1
603 1402 92
603 3000 1
604 1770 52
604 3000 1
605 2326 27
605 3000 1
606 1161 -20
606 3000 1
607 2751 -1
607 3000 1
608 2666 43
608 3000 1
609 3000 1
610 2287 35
610 2524 -52
610 3000 1
611 2943 29
611 3000 1
612 1235 -12
612 1442 1
612 1869 -86
612 3000 1
613 1835 -12
613 2220 13
613 3000 1
614 3000 1
615 1490 -13
615 3000 1
616 856 69
616 2012 27
616 3000 1
617 2050 -29
617 3000 1
618 1371 99
618 2443 -77
618 3000 1
619 3000 1
620 3000 1
621 3000 1
622 983 74
622 1723 88
622 3000 1
623 2527 33
623 3000 1
624 1141 95
624 3000 1
625 1552 -80
625 3000 1
626 2773 97
626 3000 1
627 2527 -69
627 3000 1
628 1848 -99
628 3000 1
629 1572 67
629 3000 1
630 728 -25
630 2529 95
630 3000 1
631 946 67
631 1707 1
631 1789 -92
631 3000 1
632 849 -81
632 1016 -92
632 1569 -56
632 1828 -89
632 3000 1
633 1010 21
633 2783 49
633 2988 -60
633 3000 1
634 1712 59
634 2176 -7
634 2487 -100
634 3000 1
635 1548 -16
635 1562 -62
635 2570 -64
635 2572 -18
635 2618 -72
635 3000 1
636 663 47
636 1298 92
636 3000 1
637 2319 -50
637 2609 26
637 3000 1
638 642 -48
638 2826 46
638 3000 1
639 1431 66
639 2240 31
639 3000 1
640 1694 -98
640 2741 -100
640 3000 1
641 646 84
641 3000 1
642 3000 1
643 2182 -80
643 3000 1
644 2911 -92
644 3000 1
645 1842 63
645 3000 1
646 3000 1
647 1731 -80
647 1933 81
647 3000 1
648 1987 50
648 3000 1
649 2581 -76
649 3000 1
650 2410 -56
650 3000 1
651 1816 56
651 3000 1
652 3000 1
653 1670 -68
653 3000 1
654 1393 -21
654 2421 66
654 3000 1
655 1896 99
655 3000 1
656 1122 -22
656 1339 53
656 1384 20
656 2450 -92
656 2471 45
656 3000 1
657 931 88
657 3000 1
658 706 70
658 3000 1
659 919 -62
659 993 -82
659 1712 -29
659 3000 1
660 2108 -70
660 2685 41
660 2973 -97
660 3000 1
661 2824 -35
661 2989 81
661 3000 1
662 2692 40
662 3000 1
663 1518 -1
663 3000 1
664 2370 -37
664 3000 1
665 1383 40
665 2207 -79
665 2619 -63
665 3000 1
666 2197 -91
666 3000 1
667 870 -96
667 1137 -55
667 3000 1
668 1371 98
668 1454 70
668 3000 1
669 1165 -23
669 3000 1
670 1283 -30
670 3000 1
671 1034 -73
671 3000 1
672 2547 29
672 3000 1
673 3000 1
674 2512 100
674 2817 -13
674 2851 58
674 3000 1
675 1692 -96
675 2958 48
675 2994 21
675 3000 1
676 3000 1
677 2347 -48
677 3000 1
678 3000 1
679 1481 -94
679 2982 89
679 3000 1
680 1881 -71
680 1892 -57
680 3000 1
681 2247 -67
681 2784 89
681 3000 1
682 1148 1
682 3000 1
683 3000 1
684 1010 -26
684 3000 1
685 869 72
685 1983 40
685 2110 14
685 2463 -1
685 3000 1
686 1646 14
686 3000 1
687 1775 -86
687 3000 1
688 1541 13
688 2141 -73
688 3000 1
689 2722 -28
689 3000 1
690 820 -22
690 1780 -91
690 3000 1
691 1445 14
691 2502 -72
691 3000 1
692 2907 65
692 3000 1
693 2734 8
693 3000 1
694 793 92
694 1982 -3
694 3000 1
695 3000 1
696 2890 -34
696 3000 1
697 1624 -46
697 3000 1
698 968 44
698 2234 98
698 2627 -15
698 2678 14
698 3000 1
699 820 54
699 2224 100
699 2531 91
699 3000 1
700 2073 30
700 2173 -59
700 3000 1
701 2925 57
701 3000 1
702 2891 27
702 3000 1
703 2466 43
703 2667 -75
703 3000 1
704 1056 12
704 1251 -5
704 1420 -65
704 2039 -49
704 3000 1
705 1475 74
705 2389 5
705 3000 1
706 1531 4
706 1623 -96
706 2947 -19
706 3000 1
707 1442 17
707 1489 33
707 1864 89
707 2343 81
707 2547 79
707 3000 1
708 1847 -70
708 2347 60
708 2664 86
708 3000 1
709 2959 -7
709 3000 1
710 2146 78
710 2880 -56
710 3000 1
711 866 -11
711 2755 -13
711 3000 1
712 767 -84
712 843 93
712 3000 1
713 1982 85
713 3000 1
714 2530 -11
714 3000 1
715 2083 55
715 2820 -49
715 3000 1
716 1994 -10
716 2419 -87
716 2661 -24
716 3000 1
717 1482 -67
717 3000 1
718 895 72
718 3000 1
719 1239 -50
719 1561 -44
719 3000 1
720 3000 1
721 2639 55
721 3000 1
722 860 -26
722 1452 -68
722 1734 28
722 2653 -10
722 2658 -66
722 3000 1
723 2025 -23
723 2945 -12
723 3000 1
724 1127 -54
724 1781 66
724 3000 1
725 815 93
725 3000 1
726 1189 -85
726 3000 1
727 805 48
727 2114 -59
727 2313 17
727 3000 1
728 2937 -32
728 3000 1
729 1747 -57
729 3000 1
730 3000 1
731 1233 -8
731 3000 1
732 2141 28
732 2676 -7
732 3000 1
733 2012 -56
733 2918 -64
733 3000 1
734 892 -32
734 3000 1
735 3000 1
736 1857 41
736 2422 54
736 3000 1
737 3000 1
738 1826 -18
738 3000 1
739 997 -9
739 3000 1
740 3000 1
741 918 -41
741 1070 -35
741 2019 66
741 3000 1
742 1213 91
742 1307 -60
742 3000 1
743 1742 -49
743 2892 -11
743 3000 1
744 2450 32
744 2751 -84
744 2970 85
744 3000 1
745 2309 47
745 3000 1
746 839 87
746 1346 -45
746 1891 7
746 3000 1
747 1819 -75
747 2715 66
747 3000 1
748 3000 1
749 3000 1
750 1595 -91
750 2305 74
750 3000 1
751 1663 -91
751 3000 1
752 2846 -50
752 3000 1
753 2814 36
753 3000 1
754 892 13
754 1533 72
754 1711 -12
754 3000 1
755 2413 18
755 3000 1
756 3000 1
757 1390 -69
757 3000 1
758 3000 1
759 1426 63
759 1654 52
759 3000 1
760 1751 96
760 3000 1
761 3000 1
762 912 65
762 3000 1
763 3000 1
764 3000 1
765 2250 -86
765 2477 -17
765 2859 18
765 3000 1
766 2006 -18
766 3000 1
767 1557 37
767 1963 21
767 3000 1
768 3000 1
769 3000 1
770 2255 -96
770 3000 1
771 1080 -64
771 3000 1
772 2207 -55
772 3000 1
773 804 61
773 2634 -65
773 3000 1
774 3000 1
775 2133 44
775 3000 1
776 1530 -93
776 1608 -12
776 1907 83
776 3000 1
777 2041 -70
777 3000 1
778 1795 -9
778 2506 59
778 3000 1
779 2014 -36
779 3000 1
780 1650 71
780 2134 -44
780 3000 1
781 2426 70
781 2554 11
781 3000 1
782 1153 63
782 1450 43
782 3000 1
783 1571 47
783 2135 98
783 3000 1
784 2673 -66
784 3000 1
785 836 -98
785 2131 77
785 2963 62
785 3000 1
786 912 64
786 1437 91
786 3000 1
787 3000 1
788 926 87
788 2667 12
788 3000 1
789 1877 89
789 3000 1
790 1078 -65
790 1432 35
790 1982 50
790 2189 -72
790 2304 25
790 3000 1
791 932 -88
791 3000 1
792 937 -18
792 2147 -98
792 2398 -51
792 2865 43
792 3000 1
793 1465 52
793 1666 -23
793 2448 -46
793 3000 1
794 1452 5
794 3000 1
795 1941 87
795 2980 -31
795 3000 1
796 1597 -84
796 3000 1
797 1658 68
797 2253 49
797 3000 1
798 1532 -80
798 2266 19
798 3000 1
799 931 -84
799 2026 2
799 3000 1
800 1719 68
800 2490 -62
800 3000 1
801 2762 69
801 3000 1
802 1223 34
802 3000 1
803 1862 -7
803 3000 1
804 3000 1
805 2932 1
805 3000 1
806 1448 -59
806 2952 63
806 3000 1
807 1488 91
807 2191 -92
807 3000 1
808 1545 -86
808 2148 84
808 2166 -65
808 2562 60
808 3000 1
809 1940 -93
809 3000 1
810 1549 33
810 3000 1
811 2568 -37
811 3000 1
812 1546 7
812 2410 39
812 3000 1
813 3000 1
814 1484 -72
814 2617 41
814 3000 1
815 834 38
815 3000 1
816 1392 -93
816 2388 -5
816 3000 1
817 1009 -51
817 2405 61
817 3000 1
818 1464 -22
818 1516 9
818 1870 -97
818 2685 -7
818 3000 1
819 3000 1
820 2679 -12
820 3000 1
821 1061 54
821 2683 8
821 3000 1
822 990 29
822 3000 1
823 2975 69
823 3000 1
824 3000 1
825 2280 -88
825 3000 1
826 1024 -80
826 1425 -80
826 2273 27
826 3000 1
827 2640 -52
827 3000 1
828 1887 46
828 3000 1
829 2018 33
829 3000 1
830 2566 -67
830 3000 1
831 2666 10
831 2738 -69
831 3000 1
832 1314 -65
832 2543 -1
832 3000 1
833 1807 2
833 3000 1
834 1148 59
834 3000 1
835 1064 -73
835 1321 -12
835 3000 1
836 1186 -87
836 2432 -72
836 2780 22
836 3000 1
837 1617 -40
837 1855 -8
837 3000 1
838 1053 86
838 1384 -78
838 3000 1
839 1400 4
839 3000 1
840 1200 79
840 1557 20
840 3000 1
841 2248 -20
841 2789 -42
841 3000 1
842 2764 -93
842 2947 63
842 3000 1
843 3000 1
844 1249 -68
844 3000 1
845 3000 1
846 1157 3
846 1895 -2
846 3000 1
847 943 25
847 1393 -45
847 2125 -81
847 3000 1
848 1183 -43
848 1543 -3
848 3000 1
849 1273 -9
849 2213 -25
849 3000 1
850 1309 4
850 3000 1
851 905 24
851 3000 1
852 1983 -67
852 3000 1
853 2465 -39
853 2513 -66
853 3000 1
854 1016 1
854 3000 1
855 1125 56
855 1848 -21
855 2497 79
855 3000 1
856 1057 -43
856 3000 1
857 1192 36
857 2028 -81
857 2320 56
857 2573 31
857 3000 1
858 1018 -90
858 2798 -87
858 3000 1
859 1234 -35
859 2775 -5
859 3000 1
860 1443 -31
860 3000 1
861 1305 82
861 3000 1
862 3000 1
863 902 -95
863 1648 -83
863 3000 1
864 2107 -64
864 2136 -34
864 3000 1
865 1633 17
865 1641 -25
865 1847 79
865 2473 60
865 2929 -45
865 3000 1
866 3000 1
867 1953 -27
867 3000 1
868 1167 -12
868 1934 51
868 3000 1
869 3000 1
870 3000 1
871 1757 -13
871 2904 -40
871 2935 -71
871 3000 1
872 957 2
872 1566 30
872 2642 -22
872 2934 61
872 3000 1
873 1174 -47
873 2915 59
873 3000 1
874 1375 -94
874 3000 1
875 1428 89
875 2413 6
875 3000 1
876 1737 58
876 3000 1
877 2900 18
877 3000 1
878 955 25
878 2346 59
878 3000 1
879 1266 77
879 3000 1
880 1932 59
880 1939 -75
880 3000 1
881 1426 83
881 1500 21
881 1544 -89
881 3000 1
882 3000 1
883 1829 -3
883 3000 1
884 2731 76
884 3000 1
885 1156 54
885 2255 44
885 2411 99
885 3000 1
886 1470 -22
886 2761 -23
886 3000 1
887 2903 -53
887 3000 1
888 1465 -37
888 1555 -15
888 3000 1
889 1331 -1
889 3000 1
890 2744 34
890 3000 1
891 2302 95
891 3000 1
892 3000 1
893 3000 1
894 1207 7
894 2542 84
894 2889 -43
894 2976 100
894 3000 1
895 1089 -35
895 1990 -8
895 3000 1
896 2666 27
896 3000 1
897 1124 83
897 2670 87
897 3000 1
898 902 -17
898 3000 1
899 1508 -69
899 2100 69
899 3000 1
900 1116 88
900 3000 1
901 1337 -99
901 1436 -22
901 1651 -55
901 1900 73
901 3000 1
902 1480 -100
902 2050 48
902 3000 1
903 2290 -55
903 2530 43
903 3000 1
904 2420 -81
904 2596 50
904 3000 1
905 1195 27
905 2242 -5
905 2578 -84
905 3000 1
906 3000 1
907 1303 -73
907 1432 85
907 1449 -77
907 1979 7
907 3000 1
908 1122 54
908 2483 -73
908 3000 1
909 1573 -81
909 2986 -25
909 3000 1
910 1134 -76
910 2835 -60
910 2847 -72
910 3000 1
911 3000 1
912 3000 1
913 1215 -84
913 2553 -70
913 3000 1
914 2269 -21
914 3000 1
915 1091 23
915 3000 1
916 917 3
916 3000 1
917 2091 -83
917 3000 1
918 3000 1
919 2298 -93
919 3000 1
920 1111 -24
920 2869 62
920 3000 1
921 1370 63
921 3000 1
922 1020 29
922 3000 1
923 1787 46
923 3000 1
924 1076 85
924 1908 53
924 3000 1
925 1523 97
925 2436 85
925 2448 85
925 3000 1
926 3000 1
927 1899 34
927 3000 1
928 1556 -52
928 1940 13
928 3000 1
929 1599 72
929 1936 55
929 3000 1
930 1649 -38
930 1661 42
930 3000 1
931 1184 83
931 1268 -65
931 3000 1
932 1882 24
932 3000 1
933 2223 -45
933 3000 1
934 1932 -59
934 3000 1
935 2134 87
935 2926 -2
935 3000 1
936 3000 1
937 2603 13
937 2752 66
937 3000 1
938 1301 -73
938 1837 61
938 3000 1
939 3000 1
940 2033 -42
940 3000 1
941 997 -20
941 2111 86
941 2112 -11
941 2325 98
941 3000 1
942 3000 1
943 3000 1
944 2688 74
944 3000 1
945 2351 -23
945 3000 1
946 2864 61
946 3000 1
947 2354 89
947 2871 -57
947 3000 1
948 1817 73
948 2390 24
948 3000 1
949 3000 1
950 1049 -49
950 3000 1
951 1645 -61
951 3000 1
952 2369 39
952 3000 1
953 2235 -58
953 3000 1
954 2858 43
954 3000 1
955 1345 15
955 2546 57
955 3000 1
956 2757 76
956 3000 1
957 1834 73
957 3000 1
958 1374 66
958 3000 1
959 2000 -68
959 3000 1
960 3000 1
961 1957 54
961 3000 1
962 1999 -5
962 3000 1
963 1866 69
963 2441 -84
963 2844 14
963 3000 1
964 2584 80
964 3000 1
965 1658 -86
965 2888 24
965 3000 1
966 3000 1
967 1439 -8
967 3000 1
968 2325 -80
968 3000 1
969 2031 -46
969 2414 7
969 3000 1
970 3000 1
971 2988 84
971 3000 1
972 1071 75
972 1988 -44
972 2216 -32
972 3000 1
973 1416 56
973 1802 -19
973 3000 1
974 1423 18
974 2731 -91
974 3000 1
975 1418 -41
975 1678 92
975 3000 1
976 2050 61
976 3000 1
977 2824 -59
977 3000 1
978 3000 1
979 1178 88
979 3000 1
980 1147 -14
980 1987 -76
980 3000 1
981 1430 72
981 2152 -33
981 3000 1
982 2800 2
982 3000 1
983 1233 -94
983 2136 6
983 3000 1
984 1203 -65
984 3000 1
985 1015 51
985 3000 1
986 1065 -25
986 2458 -4
986 3000 1
987 1917 87
987 3000 1
988 2027 22
988 3000 1
989 2272 26
989 3000 1
990 1672 -89
990 3000 1
991 2100 14
991 3000 1
992 1173 81
992 3000 1
993 3000 1
994 1727 43
994 2959 -76
994 3000 1
995 2965 43
995 3000 1
996 1640 -40
996 2144 -45
996 2410 -80
996 2869 69
996 3000 1
997 2681 90
997 3000 1
998 2520 3
998 3000 1
999 1002 -25
999 3000 1
1000 2886 41
1000 3000 1
1001 1177 38
1001 3000 1
1002 1439 6
1002 2362 100
1002 3000 1
1003 1512 -64
1003 2101 84
1003 3000 1
1004 1281 -47
1004 3000 1
1005 1131 16
1005 3000 1
1006 1841 42
1006 2558 72
1006 3000 1
1007 2739 40
1007 3000 1
1008 1689 42
1008 1775 2
1008 2233 68
1008 3000 1
1009 1416 -51
1009 3000 1
1010 2008 -57
1010 3000 1
1011 1946 82
1011 3000 1
1012 1326 83
1012 1553 -80
1012 1931 -82
1012 2878 -80
1012 3000 1
1013 2951 10
1013 3000 1
1014 1185 19
1014 3000 1
1015 2246 16
1015 2872 100
1015 3000 1
1016 1938 74
1016 3000 1
1017 2438 5
1017 3000 1
1018 3000 1
1019 2240 60
1019 2851 87
1019 3000 1
1020 3000 1
1021 1370 93
1021 1763 19
1021 2124 -42
1021 3000 1
1022 1718 26
1022 3000 1
1023 1952 -4
1023 3000 1
1024 1386 -83
1024 3000 1
1025 3000 1
1026 2726 -93
1026 3000 1
1027 3000 1
1028 1276 33
1028 3000 1
1029 3000 1
1030 1848 -6
1030 3000 1
1031 1595 -42
1031 3000 1
1032 2185 85
1032 3000 1
1033 3000 1
1034 1502 -51
1034 2299 -4
1034 3000 1
1035 1060 34
1035 2809 34
1035 3000 1
1036 2132 33
1036 3000 1
1037 2061 -39
1037 2283 8
1037 3000 1
1038 2321 -27
1038 2594 -80
1038 3000 1
1039 1797 -6
1039 3000 1
1040 1966 -59
1040 3000 1
1041 3000 1
1042 1316 22
1042 1911 72
1042 2020 22
1042 3000 1
1043 2271 26
1043 3000 1
1044 2427 28
1044 3000 1
1045 2420 -21
1045 3000 1
1046 2881 24
1046 3000 1
1047 1167 66
1047 3000 1
1048 1873 -82
1048 3000 1
1049 1698 -14
1049 3000 1
1050 1258 1
1050 3000 1
1051 3000 1
1052 2302 -11
1052 3000 1
1053 3000 1
1054 1170 73
1054 2246 -33
1054 3000 1
1055 1856 48
1055 3000 1
1056 1347 -53
1056 1686 -18
1056 2030 -9
1056 3000 1
1057 3000 1
1058 2816 79
1058 3000 1
1059 1955 98
1059 2392 -61
1059 2461 98
1059 2489 94
1059 3000 1
1060 3000 1
1061 1702 36
1061 3000 1
1062 1558 61
1062 1750 52
1062 3000 1
1063 1670 72
1063 2993 -31
1063 3000 1
1064 2161 -10
1064 2903 -32
1064 3000 1
1065 2883 81
1065 3000 1
1066 2468 -93
1066 3000 1
1067 2172 8
1067 3000 1
1068 1214 -73
1068 1788 72
1068 2439 13
1068 2871 34
1068 3000 1
1069 2275 -87
1069 3000 1
1070 2750 33
1070 3000 1
1071 3000 1
1072 2347 -75
1072 3000 1
1073 1179 -88
1073 2707 88
1073 3000 1
1074 2103 -38
1074 3000 1
1075 2282 5
1075 3000 1
1076 2694 -16
1076 2824 -36
1076 3000 1
1077 1159 11
1077 3000 1
1078 1336 -87
1078 2741 33
1078 2957 -40
1078 3000 1
1079 2675 -14
1079 3000 1
1080 1378 -76
1080 3000 1
1081 2291 -45
1081 3000 1
1082 3000 1
1083 1284 98
1083 3000 1
1084 2213 -45
1084 3000 1
1085 1682 85
1085 1988 25
1085 3000 1
1086 1685 90
1086 2215 6
1086 3000 1
1087 1103 -14
1087 3000 1
1088 1682 68
1088 2431 39
1088 2602 95
1088 2625 8
1088 3000 1
1089 1216 -34
1089 1456 -95
1089 3000 1
1090 1315 -32
1090 2815 -3
1090 3000 1
1091 1245 51
1091 3000 1
1092 2231 -65
1092 3000 1
1093 1564 12
1093 2552 -78
1093 2646 -74
1093 2997 71
1093 3000 1
1094 2373 85
1094 3000 1
1095 3000 1
1096 3000 1
1097 1868 90
1097 3000 1
1098 2349 88
1098 3000 1
1099 1945 97
1099 3000 1
1100 2452 -8
1100 3000 1
1101 1266 -24
1101 3000 1
1102 1759 1
1102 2218 -100
1102 3000 1
1103 1416 -66
1103 1586 9
1103 2452 -34
1103 3000 1
1104 1450 42
1104 2998 -66
1104 3000 1
1105 1250 78
1105 3000 1
1106 3000 1
1107 3000 1
1108 1296 -94
1108 2896 34
1108 3000 1
1109 1249 -24
1109 3000 1
1110 2142 -88
1110 2155 -20
1110 3000 1
1111 3000 1
1112 1768 28
1112 2817 -4
1112 3000 1
1113 2998 -65
1113 3000 1
1114 1283 2
1114 1325 -66
1114 2478 72
1114 3000 1
1115 1849 -83
1115 3000 1
1116 1178 -97
1116 3000 1
1117 2894 30
1117 3000 1
1118 2391 86
1118 2592 15
1118 3000 1
1119 1263 23
1119 3000 1
1120 2352 25
1120 3000 1
1121 1940 21
1121 3000 1
1122 3000 1
1123 1422 33
1123 3000 1
1124 1823 38
1124 2908 85
1124 3000 1
1125 1299 37
1125 3000 1
1126 2127 18
1126 3000 1
1127 3000 1
1128 3000 1
1129 1602 63
1129 3000 1
1130 1943 47
1130 2376 70
1130 2767 97
1130 2770 84
1130 2823 -69
1130 3000 1
1131 1869 71
1131 3000 1
1132 1812 -26
1132 3000 1
1133 1271 -37
1133 1509 8
1133 3000 1
1134 2276 87
1134 2472 21
1134 3000 1
1135 1771 -68
1135 3000 1
1136 1894 80
1136 2381 80
1136 3000 1
1137 3000 1
1138 1475 -38
1138 1507 5
1138 3000 1
1139 2883 17
1139 3000 1
1140 2490 -34
1140 3000 1
1141 1484 48
1141 3000 1
1142 2340 83
1142 3000 1
1143 1215 2
1143 3000 1
1144 2066 86
1144 2202 100
1144 2944 -5
1144 3000 1
1145 2821 -4
1145 3000 1
1146 2154 -58
1146 3000 1
1147 2853 23
1147 3000 1
1148 1330 53
1148 3000 1
1149 1306 -3
1149 3000 1
1150 1320 -14
1150 2893 -37
1150 3000 1
1151 1318 -38
1151 3000 1
1152 1628 78
1152 2106 21
1152 3000 1
1153 3000 1
1154 1175 -74
1154 2267 13
1154 3000 1
1155 1824 85
1155 2571 71
1155 3000 1
1156 1824 37
1156 3000 1
1157 3000 1
1158 2868 76
1158 3000 1
1159 3000 1
1160 1519 21
1160 1684 3
1160 3000 1
1161 2010 -42
1161 2423 1
1161 3000 1
1162 2625 -27
1162 3000 1
1163 1998 -54
1163 2907 86
1163 3000 1
1164 3000 1
1165 2103 55
1165 3000 1
1166 1318 -96
1166 3000 1
1167 1784 35
1167 2009 82
1167 2979 -8
1167 3000 1
1168 1346 -68
1168 3000 1
1169 1595 80
1169 3000 1
1170 2102 -74
1170 3000 1
1171 3000 1
1172 2787 91
1172 3000 1
1173 3000 1
1174 3000 1
1175 1747 61
1175 3000 1
1176 2692 -91
1176 3000 1
1177 3000 1
1178 1575 42
1178 2119 -62
1178 3000 1
1179 3000 1
1180 1799 -89
1180 2048 -69
1180 2132 69
1180 2775 -32
1180 3000 1
1181 1729 -64
1181 2093 40
1181 3000 1
1182 1669 72
1182 1844 -46
1182 2214 -24
1182 3000 1
1183 3000 1
1184 1813 61
1184 2540 37
1184 3000 1
1185 2943 6
1185 3000 1
1186 3000 1
1187 1554 75
1187 3000 1
1188 1444 64
1188 3000 1
1189 1832 58
1189 2593 18
1189 3000 1
1190 1763 -19
1190 2366 -27
1190 3000 1
1191 1718 -85
1191 2470 -58
1191 2646 -9
1191 2969 -63
1191 3000 1
1192 1676 58
1192 2876 89
1192 2895 -86
1192 3000 1
1193 1466 -55
1193 1999 -32
1193 3000 1
1194 2868 -68
1194 3000 1
1195 3000 1
1196 1457 30
1196 1753 -75
1196 3000 1
1197 1839 71
1197 3000 1
1198 1710 26
1198 1843 73
1198 3000 1
1199 3000 1
1200 1709 -85
1200 3000 1
1201 1524 86
1201 3000 1
1202 3000 1
1203 3000 1
1204 2799 -21
1204 3000 1
1205 3000 1
1206 1317 54
1206 1674 39
1206 3000 1
1207 2086 33
1207 3000 1
1208 2654 41
1208 2809 -93
1208 3000 1
1209 2536 88
1209 3000 1
1210 1976 -81
1210 2692 -40
1210 3000 1
1211 1898 -82
1211 2164 -37
1211 2278 -11
1211 3000 1
1212 1998 94
1212 3000 1
1213 1577 -40
1213 3000 1
1214 3000 1
1215 3000 1
1216 2139 -21
1216 3000 1
1217 2324 -96
1217 2452 60
1217 2816 97
1217 3000 1
1218 2231 47
1218 2960 -21
1218 3000 1
1219 1594 -41
1219 1782 93
1219 2762 -12
1219 2883 29
1219 3000 1
1220 2394 -96
1220 2864 -37
1220 2987 -75
1220 3000 1
1221 2839 -83
1221 3000 1
1222 2819 16
1222 3000 1
1223 3000 1
1224 1474 -6
1224 3000 1
1225 2650 -32
1225 3000 1
1226 2021 86
1226 2307 57
1226 2339 -24
1226 3000 1
1227 1752 -77
1227 1868 82
1227 3000 1
1228 3000 1
1229 1575 9
1229 1904 -91
1229 2433 -8
1229 3000 1
1230 2896 -62
1230 3000 1
1231 2896 -74
1231 3000 1
1232 1616 31
1232 1628 -70
1232 1718 43
1232 3000 1
1233 3000 1
1234 3000 1
1235 3000 1
1236 1415 -29
1236 3000 1
1237 3000 1
1238 1993 -13
1238 3000 1
1239 2220 14
1239 3000 1
1240 1243 80
1240 3000 1
1241 3000 1
1242 1902 3
1242 3000 1
1243 2416 -98
1243 3000 1
1244 2201 33
1244 3000 1
1245 1280 56
1245 1996 46
1245 3000 1
1246 1269 -1
1246 3000 1
1247 3000 1
1248 1753 91
1248 3000 1
1249 1286 67
1249 3000 1
1250 2731 -75
1250 3000 1
1251 1549 2
1251 2493 -87
1251 3000 1
1252 3000 1
1253 2796 -59
1253 3000 1
1254 2395 66
1254 3000 1
1255 1288 -9
1255 3000 1
1256 3000 1
1257 2083 2
1257 3000 1
1258 3000 1
1259 2182 -6
1259 3000 1
1260 1504 76
1260 2711 30
1260 3000 1
1261 1437 -91
1261 3000 1
1262 1714 14
1262 3000 1
1263 3000 1
1264 3000 1
1265 1831 -47
1265 2105 38
1265 3000 1
1266 3000 1
1267 1440 -95
1267 1675 -90
1267 3000 1
1268 3000 1
1269 1570 48
1269 2642 95
1269 3000 1
1270 2529 48
1270 2579 38
1270 3000 1
1271 2818 39
1271 3000 1
1272 2274 36
1272 3000 1
1273 1996 62
1273 3000 1
1274 1749 18
1274 3000 1
1275 1871 85
1275 2101 89
1275 3000 1
1276 2074 -15
1276 2371 -39
1276 3000 1
1277 1342 78
1277 1402 26
1277 1445 80
1277 3000 1
1278 2555 55
1278 3000 1
1279 3000 1
1280 3000 1
1281 3000 1
1282 1762 -14
1282 3000 1
1283 3000 1
1284 3000 1
1285 1801 -95
1285 2576 -71
1285 3000 1
1286 3000 1
1287 2855 -88
1287 3000 1
1288 1397 15
1288 1626 -69
1288 3000 1
1289 2500 69
1289 3000 1
1290 1981 86
1290 3000 1
1291 2911 -88
1291 3000 1
1292 2046 72
1292 2176 -15
1292 3000 1
1293 2220 61
1293 3000 1
1294 2243 95
1294 3000 1
1295 3000 1
1296 1652 -70
1296 2109 24
1296 2748 -46
1296 3000 1
1297 1429 -20
1297 1435 24
1297 1973 72
1297 3000 1
1298 1591 27
1298 1845 -16
1298 3000 1
1299 1805 -12
1299 3000 1
1300 2355 -90
1300 2815 -41
1300 3000 1
1301 1496 -94
1301 1985 -96
1301 3000 1
1302 1769 -19
1302 3000 1
1303 1934 57
1303 3000 1
1304 1425 89
1304 3000 1
1305 1540 27
1305 1786 -10
1305 1928 -33
1305 3000 1
1306 2686 81
1306 3000 1
1307 3000 1
1308 2553 -4
1308 3000 1
1309 1820 -32
1309 3000 1
1310 1916 -25
1310 2381 38
1310 3000 1
1311 2402 2
1311 3000 1
1312 1583 44
1312 3000 1
1313 1315 -62
1313 3000 1
1314 1933 -97
1314 2032 -57
1314 3000 1
1315 2833 -75
1315 3000 1
1316 1965 47
1316 2946 76
1316 3000 1
1317 2811 36
1317 3000 1
1318 3000 1
1319 2240 19
1319 3000 1
1320 3000 1
1321 3000 1
1322 2863 -35
1322 3000 1
1323 1777 -96
1323 3000 1
1324 3000 1
1325 3000 1
1326 1795 -65
1326 2217 -1
1326 3000 1
1327 2906 -31
1327 3000 1
1328 1681 -59
1328 3000 1
1329 2842 8
1329 3000 1
1330 2643 -36
1330 3000 1
1331 1839 87
1331 2922 19
1331 3000 1
1332 2165 52
1332 2703 -100
1332 3000 1
1333 1644 -4
1333 3000 1
1334 3000 1
1335 2585 100
1335 3000 1
1336 1509 55
1336 3000 1
1337 1707 -62
1337 1991 63
1337 3000 1
1338 2475 62
1338 3000 1
1339 1373 99
1339 3000 1
1340 1846 -26
1340 3000 1
1341 3000 1
1342 3000 1
1343 1843 36
1343 3000 1
1344 1688 42
1344 1901 -49
1344 3000 1
1345 1785 6
1345 3000 1
1346 3000 1
1347 2234 48
1347 2263 97
1347 3000 1
1348 2915 97
1348 3000 1
1349 2812 -57
1349 3000 1
1350 2040 -84
1350 2551 73
1350 2736 10
1350 3000 1
1351 2074 -12
1351 3000 1
1352 2144 55
1352 3000 1
1353 1366 -62
1353 3000 1
1354 2270 61
1354 2495 -25
1354 3000 1
1355 2081 59
1355 3000 1
1356 2824 -64
1356 3000 1
1357 3000 1
1358 2799 -10
1358 3000 1
1359 1746 -61
1359 1946 15
1359 3000 1
1360 2426 -9
1360 2937 89
1360 3000 1
1361 1595 3
1361 2408 13
1361 2626 -23
1361 3000 1
1362 1677 97
1362 1690 -92
1362 2978 -99
1362 3000 1
1363 1483 -45
1363 3000 1
1364 3000 1
1365 1827 34
1365 1864 -34
1365 3000 1
1366 1485 55
1366 2503 79
1366 3000 1
1367 3000 1
1368 2115 34
1368 3000 1
1369 1678 53
1369 2289 -80
1369 2763 68
1369 3000 1
1370 2319 23
1370 2718 77
1370 3000 1
1371 2183 27
1371 2828 66
1371 3000 1
1372 1776 -13
1372 3000 1
1373 2808 55
1373 3000 1
1374 1813 48
1374 3000 1
1375 3000 1
1376 1606 -13
1376 1905 65
1376 2645 -62
1376 3000 1
1377 1508 -7
1377 3000 1
1378 1829 -17
1378 2517 -22
1378 3000 1
1379 2219 82
1379 2260 19
1379 3000 1
1380 2702 -80
1380 3000 1
1381 2295 -49
1381 3000 1
1382 2820 62
1382 3000 1
1383 3000 1
1384 2526 -24
1384 3000 1
1385 2766 -62
1385 3000 1
1386 2254 12
1386 2768 -65
1386 3000 1
1387 1926 -29
1387 3000 1
1388 2492 -53
1388 3000 1
1389 1490 63
1389 3000 1
1390 2594 -25
1390 3000 1
1391 2012 23
1391 3000 1
1392 3000 1
1393 2721 -36
1393 3000 1
1394 2695 -14
1394 3000 1
1395 2082 -12
1395 3000 1
1396 1933 92
1396 2992 -60
1396 3000 1
1397 1624 -50
1397 2418 -72
1397 3000 1
1398 1705 19
1398 2288 -69
1398 2545 -76
1398 3000 1
1399 1413 -1
1399 2793 -32
1399 3000 1
1400 2077 -96
1400 3000 1
1401 3000 1
1402 3000 1
1403 3000 1
1404 3000 1
1405 1465 32
1405 3000 1
1406 1572 35
1406 3000 1
1407 2497 -72
1407 2575 -47
1407 3000 1
1408 3000 1
1409 2390 76
1409 3000 1
1410 3000 1
1411 1899 -12
1411 2687 -83
1411 3000 1
1412 3000 1
1413 2668 66
1413 3000 1
1414 1767 89
1414 1770 66
1414 3000 1
1415 1436 -27
1415 3000 1
1416 3000 1
1417 1695 38
1417 2435 -58
1417 2703 -38
1417 3000 1
1418 3000 1
1419 3000 1
1420 1521 -52
1420 1913 -32
1420 2293 53
1420 3000 1
1421 1701 59
1421 3000 1
1422 2722 -29
1422 3000 1
1423 1458 36
1423 1989 22
1423 3000 1
1424 3000 1
1425 3000 1
1426 1580 -80
1426 3000 1
1427 2138 50
1427 3000 1
1428 3000 1
1429 2760 -31
1429 3000 1
1430 2755 38
1430 3000 1
1431 1942 11
1431 3000 1
1432 1527 9
1432 3000 1
1433 1684 -9
1433 2559 -89
1433 3000 1
1434 3000 1
1435 2986 90
1435 3000 1
1436 3000 1
1437 1515 -37
1437 1656 32
1437 1952 41
1437 3000 1
1438 3000 1
1439 2810 -30
1439 3000 1
1440 3000 1
1441 2349 94
1441 2452 22
1441 3000 1
1442 1984 39
1442 2037 -6
1442 3000 1
1443 3000 1
1444 3000 1
1445 1601 19
1445 3000 1
1446 1462 4
1446 2115 26
1446 2599 51
1446 2920 -52
1446 3000 1
1447 2227 -5
1447 3000 1
1448 1621 -6
1448 3000 1
1449 2330 -53
1449 3000 1
1450 1661 -34
1450 2652 5
1450 3000 1
1451 2159 -82
1451 2232 -93
1451 3000 1
1452 3000 1
1453 1741 -51
1453 3000 1
1454 2772 19
1454 3000 1
1455 2301 -74
1455 3000 1
1456 2916 71
1456 3000 1
1457 1917 -18
1457 3000 1
1458 3000 1
1459 2420 76
1459 3000 1
1460 2001 6
1460 2133 42
1460 3000 1
1461 1824 -98
1461 3000 1
1462 3000 1
1463 1585 97
1463 3000 1
1464 3000 1
1465 2397 -84
1465 3000 1
1466 3000 1
1467 2476 48
1467 2996 98
1467 3000 1
1468 2015 31
1468 2089 -90
1468 2831 32
1468 3000 1
1469 2332 5
1469 3000 1
1470 3000 1
1471 1590 25
1471 1662 74
1471 2800 -36
1471 3000 1
1472 2732 82
1472 3000 1
1473 2452 -54
1473 2815 -10
1473 3000 1
1474 1825 58
1474 3000 1
1475 3000 1
1476 1791 -6
1476 3000 1
1477 2060 97
1477 3000 1
1478 1736 -60
1478 1932 42
1478 3000 1
1479 3000 1
1480 3000 1
1481 2997 52
1481 3000 1
1482 2380 -78
1482 2566 -55
1482 2651 31
1482 3000 1
1483 1793 12
1483 2901 -42
1483 3000 1
1484 3000 1
1485 1766 -45
1485 1956 9
1485 3000 1
1486 3000 1
1487 3000 1
1488 3000 1
1489 1971 8
1489 3000 1
1490 2901 23
1490 2940 -52
1490 3000 1
1491 1527 -99
1491 3000 1
1492 3000 1
1493 1517 -79
1493 3000 1
1494 3000 1
1495 3000 1
1496 1756 44
1496 3000 1
1497 2680 -93
1497 3000 1
1498 1809 -8
1498 3000 1
1499 2255 57
1499 2397 23
1499 2909 -14
1499 3000 1
1500 3000 1
1501 2328 76
1501 3000 1
1502 3000 1
1503 3000 1
1504 1693 75
1504 3000 1
1505 2191 42
1505 3000 1
1506 3000 1
1507 3000 1
1508 3000 1
1509 3000 1
1510 1851 22
1510 2470 83
1510 2776 -72
1510 3000 1
1511 3000 1
1512 2372 -4
1512 3000 1
1513 1534 44
1513 3000 1
1514 2773 -78
1514 2800 -68
1514 3000 1
1515 1698 -70
1515 2373 69
1515 3000 1
1516 3000 1
1517 1592 -83
1517 1649 -84
1517 2357 -73
1517 2830 -45
1517 3000 1
1518 3000 1
1519 3000 1
1520 2124 13
1520 3000 1
1521 3000 1
1522 2816 -82
1522 2892 77
1522 3000 1
1523 3000 1
1524 1548 -14
1524 2603 -16
1524 2801 50
1524 3000 1
1525 2972 -6
1525 3000 1
1526 3000 1
1527 3000 1
1528 2583 75
1528 2648 8
1528 2995 77
1528 3000 1
1529 2310 69
1529 3000 1
1530 1924 22
1530 2230 -81
1530 3000 1
1531 2294 38
1531 3000 1
1532 3000 1
1533 1841 -56
1533 3000 1
1534 2285 96
1534 3000 1
1535 2490 27
1535 3000 1
1536 3000 1
1537 1550 5
1537 2966 95
1537 3000 1
1538 2495 -37
1538 3000 1
1539 1592 -87
1539 3000 1
1540 3000 1
1541 3000 1
1542 2103 -14
1542 3000 1
1543 2326 -20
1543 3000 1
1544 3000 1
1545 3000 1
1546 3000 1
1547 1651 32
1547 3000 1
1548 2404 -92
1548 3000 1
1549 3000 1
1550 3000 1
1551 2167 83
1551 2514 27
1551 3000 1
1552 3000 1
1553 3000 1
1554 3000 1
1555 3000 1
1556 3000 1
1557 3000 1
1558 1897 100
1558 3000 1
1559 3000 1
1560 3000 1
1561 3000 1
1562 3000 1
1563 1927 92
1563 2108 -85
1563 3000 1
1564 1614 -23
1564 3000 1
1565 1850 93
1565 2171 18
1565 3000 1
1566 1808 17
1566 3000 1
1567 2291 34
1567 3000 1
1568 1829 69
1568 2110 -57
1568 3000 1
1569 1632 13
1569 2743 1
1569 3000 1
1570 3000 1
1571 1968 -88
1571 3000 1
1572 1821 -56
1572 3000 1
1573 3000 1
1574 2709 65
1574 2920 46
1574 3000 1
1575 2861 22
1575 3000 1
1576 2547 59
1576 3000 1
1577 2456 -65
1577 3000 1
1578 2248 -12
1578 2863 -26
1578 3000 1
1579 2067 -93
1579 3000 1
1580 3000 1
1581 1800 -79
1581 3000 1
1582 2360 2
1582 3000 1
1583 1707 93
1583 3000 1
1584 1822 19
1584 2015 -66
1584 2563 -81
1584 2669 77
1584 3000 1
1585 2135 27
1585 2739 43
1585 3000 1
1586 2054 -95
1586 2098 81
1586 3000 1
1587 3000 1
1588 3000 1
1589 1747 7
1589 3000 1
1590 3000 1
1591 3000 1
1592 1669 -69
1592 2162 6
1592 2810 64
1592 2834 -83
1592 3000 1
1593 1644 46
1593 2468 -72
1593 3000 1
1594 3000 1
1595 2241 67
1595 2594 97
1595 3000 1
1596 2700 -44
1596 2951 -62
1596 3000 1
1597 3000 1
1598 3000 1
1599 2170 -19
1599 3000 1
1600 1760 29
1600 3000 1
1601 1607 -79
1601 1836 82
1601 1919 74
1601 2187 20
1601 2447 -9
1601 2534 -47
1601 3000 1
1602 2180 89
1602 2506 25
1602 3000 1
1603 2123 -8
1603 2716 -49
1603 3000 1
1604 2175 -1
1604 3000 1
1605 2820 -68
1605 3000 1
1606 1675 -98
1606 3000 1
1607 3000 1
1608 2600 66
1608 3000 1
1609 3000 1
1610 2549 59
1610 3000 1
1611 1613 -53
1611 2557 -65
1611 3000 1
1612 2470 63
1612 3000 1
1613 3000 1
1614 3000 1
1615 3000 1
1616 3000 1
1617 1643 -21
1617 3000 1
1618 2311 -77
1618 3000 1
1619 2060 52
1619 3000 1
1620 2010 89
1620 3000 1
1621 3000 1
1622 3000 1
1623 3000 1
1624 2038 51
1624 3000 1
1625 2095 -45
1625 3000 1
1626 3000 1
1627 3000 1
1628 3000 1
1629 2065 -30
1629 2378 -62
1629 2438 1
1629 3000 1
1630 3000 1
1631 3000 1
1632 1947 68
1632 2968 24
1632 3000 1
1633 3000 1
1634 2111 83
1634 3000 1
1635 1754 -84
1635 1791 14
1635 3000 1
1636 3000 1
1637 2313 -89
1637 3000 1
1638 3000 1
1639 2295 60
1639 3000 1
1640 1903 -67
1640 1992 33
1640 3000 1
1641 2481 -100
1641 3000 1
1642 2657 -18
1642 3000 1
1643 1887 -30
1643 3000 1
1644 2222 15
1644 2415 82
1644 3000 1
1645 3000 1
1646 3000 1
1647 2027 32
1647 3000 1
1648 3000 1
1649 3000 1
1650 3000 1
1651 2474 8
1651 2606 31
1651 3000 1
1652 3000 1
1653 2477 -34
1653 3000 1
1654 1898 -45
1654 2569 65
1654 3000 1
1655 3000 1
1656 3000 1
1657 1904 48
1657 1929 -6
1657 3000 1
1658 1738 79
1658 1965 -74
1658 2719 21
1658 3000 1
1659 1739 -88
1659 3000 1
1660 3000 1
1661 2117 -41
1661 2310 94
1661 3000 1
1662 2622 62
1662 3000 1
1663 3000 1
1664 1780 100
1664 3000 1
1665 1683 69
1665 3000 1
1666 3000 1
1667 2724 27
1667 3000 1
1668 2315 -24
1668 3000 1
1669 3000 1
1670 2154 14
1670 3000 1
1671 2940 98
1671 3000 1
1672 2198 81
1672 2810 -91
1672 3000 1
1673 3000 1
1674 2523 94
1674 3000 1
1675 2145 -37
1675 2873 -67
1675 3000 1
1676 2384 22
1676 2682 95
1676 3000 1
1677 3000 1
1678 2992 -68
1678 3000 1
1679 2095 -75
1679 3000 1
1680 2488 -25
1680 3000 1
1681 2374 -65
1681 2894 -77
1681 3000 1
1682 3000 1
1683 2720 11
1683 3000 1
1684 3000 1
1685 2424 46
1685 2468 41
1685 3000 1
1686 3000 1
1687 2660 -59
1687 2885 -67
1687 3000 1
1688 3000 1
1689 2633 16
1689 3000 1
1690 3000 1
1691 2407 21
1691 3000 1
1692 2344 -95
1692 2553 52
1692 2897 -42
1692 3000 1
1693 2936 -36
1693 3000 1
1694 2194 -97
1694 2297 -67
1694 3000 1
1695 3000 1
1696 1843 56
1696 2799 -76
1696 3000 1
1697 2134 -21
1697 3000 1
1698 2856 31
1698 3000 1
1699 2303 62
1699 2595 -45
1699 3000 1
1700 2995 -38
1700 3000 1
1701 2100 47
1701 2200 53
1701 3000 1
1702 3000 1
1703 1752 -40
1703 2927 -42
1703 3000 1
1704 2654 46
1704 3000 1
1705 2633 21
1705 3000 1
1706 3000 1
1707 3000 1
1708 2075 -71
1708 3000 1
1709 1986 88
1709 2445 -54
1709 3000 1
1710 3000 1
1711 2695 -86
1711 3000 1
1712 1771 -73
1712 3000 1
1713 2260 -13
1713 3000 1
1714 3000 1
1715 1879 -6
1715 3000 1
1716 3000 1
1717 2128 -57
1717 3000 1
1718 3000 1
1719 3000 1
1720 1901 -83
1720 1994 10
1720 3000 1
1721 1908 57
1721 1951 -11
1721 2670 34
1721 3000 1
1722 2705 30
1722 3000 1
1723 2853 36
1723 3000 1
1724 2918 52
1724 3000 1
1725 1914 -50
1725 3000 1
1726 2004 71
1726 2807 -30
1726 3000 1
1727 3000 1
1728 1845 -93
1728 2192 -81
1728 3000 1
1729 2449 69
1729 2661 -46
1729 3000 1
1730 2605 37
1730 3000 1
1731 3000 1
1732 3000 1
1733 2938 -26
1733 3000 1
1734 2303 -1
1734 3000 1
1735 2747 -51
1735 3000 1
1736 3000 1
1737 2376 -24
1737 2905 -46
1737 3000 1
1738 3000 1
1739 3000 1
1740 2040 -64
1740 3000 1
1741 3000 1
1742 3000 1
1743 3000 1
1744 2971 -43
1744 3000 1
1745 3000 1
1746 3000 1
1747 3000 1
1748 2650 97
1748 2862 35
1748 3000 1
1749 2703 -95
1749 2836 53
1749 3000 1
1750 3000 1
1751 3000 1
1752 3000 1
1753 3000 1
1754 2071 19
1754 3000 1
1755 2181 -53
1755 3000 1
1756 3000 1
1757 1966 -38
1757 2178 -80
1757 2387 -46
1757 3000 1
1758 1910 89
1758 3000 1
1759 2928 -12
1759 3000 1
1760 2712 34
1760 3000 1
1761 2003 -96
1761 3000 1
1762 1820 -30
1762 3000 1
1763 3000 1
1764 2408 -82
1764 3000 1
1765 2372 -42
1765 3000 1
1766 3000 1
1767 3000 1
1768 3000 1
1769 1953 -10
1769 2409 -23
1769 3000 1
1770 2568 55
1770 3000 1
1771 3000 1
1772 2418 -82
1772 3000 1
1773 1994 -2
1773 2933 -89
1773 3000 1
1774 3000 1
1775 3000 1
1776 3000 1
1777 2280 -30
1777 3000 1
1778 2549 67
1778 3000 1
1779 2599 -43
1779 3000 1
1780 3000 1
1781 2907 59
1781 3000 1
1782 3000 1
1783 3000 1
1784 3000 1
1785 2632 -42
1785 3000 1
1786 2019 -21
1786 3000 1
1787 2692 8
1787 3000 1
1788 3000 1
1789 1925 14
1789 2610 33
1789 3000 1
1790 2679 78
1790 3000 1
1791 2745 23
1791 3000 1
1792 1981 -71
1792 3000 1
1793 2519 5
1793 2803 -4
1793 3000 1
1794 3000 1
1795 3000 1
1796 3000 1
1797 2049 64
1797 2204 -48
1797 3000 1
1798 1904 18
1798 3000 1
1799 3000 1
1800 3000 1
1801 3000 1
1802 3000 1
1803 2024 19
1803 3000 1
1804 3000 1
1805 3000 1
1806 2774 96
1806 3000 1
1807 3000 1
1808 2876 66
1808 3000 1
1809 3000 1
1810 2439 -77
1810 2941 -68
1810 3000 1
1811 1825 -11
1811 2413 -3
1811 2674 71
1811 3000 1
1812 1879 -45
1812 2411 -31
1812 2746 66
1812 3000 1
1813 3000 1
1814 2127 9
1814 3000 1
1815 2945 50
1815 2984 44
1815 3000 1
1816 3000 1
1817 2342 25
1817 2510 18
1817 3000 1
1818 3000 1
1819 3000 1
1820 3000 1
1821 2223 -92
1821 3000 1
1822 3000 1
1823 2854 63
1823 3000 1
1824 3000 1
1825 3000 1
1826 2525 82
1826 3000 1
1827 3000 1
1828 2400 60
1828 3000 1
1829 3000 1
1830 2455 -86
1830 2573 30
1830 3000 1
1831 3000 1
1832 2085 22
1832 3000 1
1833 3000 1
1834 3000 1
1835 2521 41
1835 2747 23
1835 3000 1
1836 3000 1
1837 2104 34
1837 3000 1
1838 1852 61
1838 2070 5
1838 2855 79
1838 3000 1
1839 2006 74
1839 3000 1
1840 1909 -18
1840 3000 1
1841 2596 -96
1841 3000 1
1842 2020 -27
1842 3000 1
1843 2159 -92
1843 3000 1
1844 3000 1
1845 3000 1
1846 2070 3
1846 2707 97
1846 3000 1
1847 2356 66
1847 3000 1
1848 3000 1
1849 1894 49
1849 2228 -52
1849 2607 -60
1849 3000 1
1850 2192 47
1850 2953 -100
1850 3000 1
1851 3000 1
1852 2637 -80
1852 3000 1
1853 3000 1
1854 3000 1
1855 2097 70
1855 3000 1
1856 3000 1
1857 3000 1
1858 2446 -75
1858 2975 57
1858 3000 1
1859 3000 1
1860 1946 -33
1860 3000 1
1861 1914 50
1861 2981 27
1861 3000 1
1862 2453 -68
1862 3000 1
1863 2338 -91
1863 3000 1
1864 3000 1
1865 2680 -50
1865 3000 1
1866 3000 1
1867 2955 37
1867 3000 1
1868 3000 1
1869 3000 1
1870 2335 35
1870 3000 1
1871 3000 1
1872 3000 1
1873 2580 -22
1873 3000 1
1874 2434 -72
1874 3000 1
1875 1910 -30
1875 1956 67
1875 2300 -73
1875 3000 1
1876 2415 -96
1876 3000 1
1877 3000 1
1878 2152 34
1878 3000 1
1879 3000 1
1880 2121 29
1880 3000 1
1881 3000 1
1882 3000 1
1883 2199 29
1883 3000 1
1884 1986 -59
1884 2122 -62
1884 3000 1
1885 2393 -7
1885 2731 -78
1885 2783 90
1885 3000 1
1886 2798 -7
1886 3000 1
1887 3000 1
1888 2444 45
1888 3000 1
1889 2651 77
1889 3000 1
1890 2489 -94
1890 3000 1
1891 3000 1
1892 3000 1
1893 2450 -100
1893 3000 1
1894 2616 10
1894 3000 1
1895 3000 1
1896 3000 1
1897 2090 -64
1897 2644 -50
1897 3000 1
1898 3000 1
1899 2434 -10
1899 3000 1
1900 3000 1
1901 2469 83
1901 3000 1
1902 2845 -69
1902 3000 1
1903 3000 1
1904 3000 1
1905 2649 -35
1905 3000 1
1906 2090 -27
1906 3000 1
1907 3000 1
1908 3000 1
1909 2401 -65
1909 2718 -65
1909 2977 49
1909 3000 1
1910 3000 1
1911 3000 1
1912 2526 -98
1912 3000 1
1913 2866 -100
1913 3000 1
1914 2201 -73
1914 3000 1
1915 3000 1
1916 3000 1
1917 2238 24
1917 2749 71
1917 3000 1
1918 2553 2
1918 3000 1
1919 3000 1
1920 3000 1
1921 3000 1
1922 2202 77
1922 3000 1
1923 1960 78
1923 3000 1
1924 2704 38
1924 3000 1
1925 3000 1
1926 2207 36
1926 3000 1
1927 3000 1
1928 3000 1
1929 2209 -5
1929 3000 1
1930 3000 1
1931 2234 -44
1931 3000 1
1932 2822 32
1932 3000 1
1933 3000 1
1934 2323 94
1934 2907 89
1934 3000 1
1935 2320 -56
1935 3000 1
1936 3000 1
1937 3000 1
1938 3000 1
1939 3000 1
1940 2472 -60
1940 2528 -86
1940 3000 1
1941 1954 -26
1941 2949 59
1941 3000 1
1942 2597 87
1942 3000 1
1943 2227 -18
1943 2641 -10
1943 2986 83
1943 3000 1
1944 3000 1
1945 2032 -2
1945 3000 1
1946 3000 1
1947 2611 -75
1947 3000 1
1948 2950 -79
1948 3000 1
1949 2064 -2
1949 2619 -100
1949 3000 1
1950 2824 -21
1950 3000 1
1951 3000 1
1952 2959 -14
1952 3000 1
1953 2617 80
1953 3000 1
1954 3000 1
1955 3000 1
1956 2964 -84
1956 3000 1
1957 2629 77
1957 3000 1
1958 3000 1
1959 3000 1
1960 3000 1
1961 2288 14
1961 2535 45
1961 3000 1
1962 2132 8
1962 2448 21
1962 2925 -59
1962 3000 1
1963 3000 1
1964 2417 69
1964 2999 34
1964 3000 1
1965 3000 1
1966 3000 1
1967 3000 1
1968 3000 1
1969 1990 22
1969 3000 1
1970 2858 -75
1970 3000 1
1971 3000 1
1972 2192 -11
1972 3000 1
1973 3000 1
1974 2274 100
1974 2972 59
1974 3000 1
1975 2240 -19
1975 3000 1
1976 3000 1
1977 2376 12
1977 3000 1
1978 2720 -86
1978 3000 1
1979 3000 1
1980 2466 -58
1980 3000 1
1981 2701 16
1981 3000 1
1982 3000 1
1983 3000 1
1984 3000 1
1985 3000 1
1986 3000 1
1987 3000 1
1988 3000 1
1989 3000 1
1990 3000 1
1991 3000 1
1992 2976 -23
1992 3000 1
1993 2085 99
1993 3000 1
1994 3000 1
1995 2142 1
1995 3000 1
1996 3000 1
1997 2902 -97
1997 3000 1
1998 3000 1
1999 2283 -27
1999 3000 1
2000 2735 74
2000 2848 66
2000 2970 17
2000 3000 1
2001 2018 96
2001 3000 1
2002 2536 64
2002 3000 1
2003 3000 1
2004 3000 1
2005 2286 -21
2005 2592 -20
2005 3000 1
2006 3000 1
2007 2340 -90
2007 3000 1
2008 3000 1
2009 3000 1
2010 2249 1
2010 2675 39
2010 3000 1
2011 2496 65
2011 3000 1
2012 3000 1
2013 2503 -17
2013 3000 1
2014 3000 1
2015 2655 40
2015 3000 1
2016 2899 88
2016 3000 1
2017 3000 1
2018 3000 1
2019 2670 20
2019 2870 -70
2019 2879 97
2019 3000 1
2020 3000 1
2021 3000 1
2022 2956 44
2022 3000 1
2023 2281 98
2023 3000 1
2024 2752 85
2024 3000 1
2025 3000 1
2026 2256 39
2026 2829 87
2026 3000 1
2027 2211 92
2027 2950 -63
2027 3000 1
2028 3000 1
2029 2350 36
2029 3000 1
2030 3000 1
2031 2639 54
2031 3000 1
2032 2157 -40
2032 2385 84
2032 3000 1
2033 3000 1
2034 3000 1
2035 3000 1
2036 2261 -90
2036 2972 85
2036 3000 1
2037 2212 58
2037 3000 1
2038 3000 1
2039 2212 90
2039 3000 1
2040 3000 1
2041 2513 -75
2041 3000 1
2042 2976 57
2042 3000 1
2043 3000 1
2044 2088 35
2044 3000 1
2045 3000 1
2046 3000 1
2047 2519 -43
2047 3000 1
2048 3000 1
2049 2601 -65
2049 3000 1
2050 2095 97
2050 3000 1
2051 3000 1
2052 3000 1
2053 3000 1
2054 3000 1
2055 3000 1
2056 3000 1
2057 2281 -86
2057 3000 1
2058 2950 -54
2058 3000 1
2059 2611 73
2059 3000 1
2060 3000 1
2061 2923 42
2061 3000 1
2062 2216 -66
2062 3000 1
2063 2855 -81
2063 3000 1
2064 3000 1
2065 3000 1
2066 3000 1
2067 2277 -89
2067 2568 95
2067 3000 1
2068 3000 1
2069 2347 67
2069 2500 52
2069 3000 1
2070 3000 1
2071 3000 1
2072 2323 20
2072 2515 -91
2072 3000 1
2073 3000 1
2074 3000 1
2075 3000 1
2076 2822 -54
2076 3000 1
2077 2353 -82
2077 3000 1
2078 2510 79
2078 2638 -64
2078 3000 1
2079 3000 1
2080 2582 -46
2080 2662 -48
2080 3000 1
2081 3000 1
2082 3000 1
2083 2240 56
2083 2422 -15
2083 3000 1
2084 2518 -62
2084 3000 1
2085 3000 1
2086 3000 1
2087 2444 34
2087 2615 50
2087 3000 1
2088 2244 78
2088 3000 1
2089 3000 1
2090 2271 -90
2090 3000 1
2091 2755 18
2091 3000 1
2092 3000 1
2093 3000 1
2094 2269 -93
2094 3000 1
2095 3000 1
2096 2710 -40
2096 3000 1
2097 2720 -55
2097 2990 -16
2097 3000 1
2098 3000 1
2099 2307 36
2099 3000 1
2100 2917 -15
2100 3000 1
2101 2866 -20
2101 3000 1
2102 2807 10
2102 3000 1
2103 3000 1
2104 3000 1
2105 2413 71
2105 2790 25
2105 3000 1
2106 2975 87
2106 3000 1
2107 2841 -65
2107 3000 1
2108 3000 1
2109 3000 1
2110 3000 1
2111 3000 1
2112 3000 1
2113 2801 -55
2113 3000 1
2114 3000 1
2115 3000 1
2116 2505 52
2116 2508 -60
2116 3000 1
2117 3000 1
2118 2831 -14
2118 3000 1
2119 3000 1
2120 3000 1
2121 2396 -45
2121 2588 65
2121 3000 1
2122 2686 1
2122 3000 1
2123 3000 1
2124 3000 1
2125 2159 82
2125 3000 1
2126 2276 -69
2126 3000 1
2127 2925 -15
2127 3000 1
2128 2437 5
2128 2612 -69
2128 3000 1
2129 3000 1
2130 2719 32
2130 3000 1
2131 2191 58
2131 3000 1
2132 3000 1
2133 2299 -80
2133 2954 35
2133 3000 1
2134 3000 1
2135 2627 -82
2135 2786 -11
2135 3000 1
2136 2195 32
2136 3000 1
2137 2826 -26
2137 3000 1
2138 2174 87
2138 3000 1
2139 3000 1
2140 2511 -74
2140 3000 1
2141 2561 90
2141 2640 -88
2141 3000 1
2142 3000 1
2143 2417 90
2143 3000 1
2144 3000 1
2145 2205 49
2145 3000 1
2146 2178 57
2146 2513 91
2146 3000 1
2147 3000 1
2148 3000 1
2149 2527 42
2149 2741 -57
2149 3000 1
2150 3000 1
2151 2342 -63
2151 3000 1
2152 3000 1
2153 2261 -75
2153 2794 8
2153 3000 1
2154 3000 1
2155 3000 1
2156 2236 -25
2156 3000 1
2157 2442 -67
2157 3000 1
2158 2587 31
2158 3000 1
2159 3000 1
2160 2332 -47
2160 2412 31
2160 2692 -49
2160 3000 1
2161 3000 1
2162 3000 1
2163 3000 1
2164 3000 1
2165 3000 1
2166 3000 1
2167 3000 1
2168 2611 -56
2168 2660 35
2168 3000 1
2169 2926 -14
2169 3000 1
2170 3000 1
2171 3000 1
2172 2367 92
2172 3000 1
2173 3000 1
2174 2899 91
2174 3000 1
2175 2588 -12
2175 2663 -100
2175 3000 1
2176 2383 -51
2176 3000 1
2177 3000 1
2178 3000 1
2179 2592 54
2179 3000 1
2180 3000 1
2181 2591 81
2181 3000 1
2182 3000 1
2183 3000 1
2184 2729 -52
2184 3000 1
2185 2732 -53
2185 3000 1
2186 3000 1
2187 2239 -67
2187 3000 1
2188 3000 1
2189 3000 1
2190 2358 -74
2190 2691 -97
2190 3000 1
2191 3000 1
2192 3000 1
2193 2777 -54
2193 3000 1
2194 3000 1
2195 3000 1
2196 2380 63
2196 3000 1
2197 2491 -50
2197 2582 -33
2197 3000 1
2198 3000 1
2199 2692 71
2199 2842 -27
2199 3000 1
2200 3000 1
2201 3000 1
2202 3000 1
2203 3000 1
2204 2305 96
2204 2874 55
2204 3000 1
2205 2696 -33
2205 3000 1
2206 2758 86
2206 3000 1
2207 2902 -40
2207 3000 1
2208 2470 52
2208 3000 1
2209 2607 2
2209 3000 1
2210 3000 1
2211 3000 1
2212 3000 1
2213 2238 -1
2213 3000 1
2214 3000 1
2215 3000 1
2216 2460 -86
2216 3000 1
2217 2410 24
2217 3000 1
2218 2363 86
2218 2906 58
2218 3000 1
2219 3000 1
2220 3000 1
2221 2496 58
2221 2716 -92
2221 3000 1
2222 3000 1
2223 2991 14
2223 3000 1
2224 2377 -5
2224 3000 1
2225 3000 1
2226 3000 1
2227 3000 1
2228 3000 1
2229 3000 1
2230 3000 1
2231 3000 1
2232 3000 1
2233 2340 32
2233 3000 1
2234 3000 1
2235 2864 -28
2235 3000 1
2236 2426 95
2236 3000 1
2237 3000 1
2238 3000 1
2239 3000 1
2240 2584 -71
2240 3000 1
2241 2964 -81
2241 3000 1
2242 3000 1
2243 2522 -26
2243 2852 76
2243 3000 1
2244 2693 -90
2244 3000 1
2245 2924 -29
2245 3000 1
2246 3000 1
2247 3000 1
2248 3000 1
2249 3000 1
2250 3000 1
2251 3000 1
2252 3000 1
2253 3000 1
2254 3000 1
2255 3000 1
2256 2900 10
2256 3000 1
2257 3000 1
2258 3000 1
2259 3000 1
2260 3000 1
2261 3000 1
2262 3000 1
2263 3000 1
2264 2486 -81
2264 2554 -59
2264 2673 -70
2264 3000 1
2265 2592 95
2265 3000 1
2266 3000 1
2267 3000 1
2268 2781 -14
2268 3000 1
2269 3000 1
2270 2589 -83
2270 2702 -42
2270 2795 39
2270 3000 1
2271 2462 75
2271 3000 1
2272 2293 -47
2272 2659 -58
2272 3000 1
2273 3000 1
2274 3000 1
2275 2339 -83
2275 2737 7
2275 3000 1
2276 3000 1
2277 3000 1
2278 3000 1
2279 2687 -45
2279 3000 1
2280 3000 1
2281 3000 1
2282 2783 -83
2282 3000 1
2283 3000 1
2284 2437 91
2284 3000 1
2285 2321 81
2285 3000 1
2286 3000 1
2287 3000 1
2288 3000 1
2289 2792 -37
2289 3000 1
2290 2376 -53
2290 3000 1
2291 3000 1
2292 3000 1
2293 3000 1
2294 3000 1
2295 2521 -73
2295 3000 1
2296 3000 1
2297 2707 66
2297 3000 1
2298 3000 1
2299 3000 1
2300 3000 1
2301 2719 66
2301 3000 1
2302 3000 1
2303 3000 1
2304 2621 47
2304 3000 1
2305 3000 1
2306 3000 1
2307 3000 1
2308 2562 -44
2308 3000 1
2309 3000 1
2310 3000 1
2311 3000 1
2312 2591 94
2312 3000 1
2313 2724 -60
2313 3000 1
2314 3000 1
2315 3000 1
2316 2338 -41
2316 3000 1
2317 3000 1
2318 2383 69
2318 3000 1
2319 3000 1
2320 2960 74
2320 3000 1
2321 3000 1
2322 2631 -58
2322 3000 1
2323 2825 80
2323 3000 1
2324 3000 1
2325 2360 61
2325 2887 98
2325 3000 1
2326 3000 1
2327 2366 75
2327 3000 1
2328 3000 1
2329 2520 -8
2329 2697 76
2329 2851 21
2329 3000 1
2330 2636 -92
2330 3000 1
2331 3000 1
2332 3000 1
2333 2944 12
2333 3000 1
2334 2784 -29
2334 2880 10
2334 3000 1
2335 2562 -100
2335 3000 1
2336 2899 -19
2336 2945 43
2336 3000 1
2337 2571 -38
2337 2614 -71
2337 3000 1
2338 2567 56
2338 3000 1
2339 2467 -100
2339 3000 1
2340 2796 30
2340 2801 -80
2340 3000 1
2341 2891 -11
2341 3000 1
2342 2567 -40
2342 3000 1
2343 3000 1
2344 2701 -70
2344 2943 25
2344 3000 1
2345 2604 84
2345 3000 1
2346 3000 1
2347 3000 1
2348 2447 -66
2348 3000 1
2349 3000 1
2350 3000 1
2351 3000 1
2352 3000 1
2353 3000 1
2354 3000 1
2355 3000 1
2356 2379 -86
2356 2425 87
2356 2459 -96
2356 2711 89
2356 3000 1
2357 2623 -13
2357 3000 1
2358 2488 -71
2358 3000 1
2359 2539 47
2359 3000 1
2360 3000 1
2361 3000 1
2362 3000 1
2363 3000 1
2364 2599 -10
2364 3000 1
2365 2577 37
2365 3000 1
2366 3000 1
2367 3000 1
2368 3000 1
2369 2930 -49
2369 3000 1
2370 3000 1
2371 3000 1
2372 3000 1
2373 2417 46
2373 3000 1
2374 2737 -38
2374 3000 1
2375 2726 -27
2375 3000 1
2376 3000 1
2377 2649 79
2377 2978 52
2377 3000 1
2378 3000 1
2379 3000 1
2380 3000 1
2381 2802 -60
2381 3000 1
2382 2476 -62
2382 3000 1
2383 3000 1
2384 3000 1
2385 2565 -14
2385 3000 1
2386 3000 1
2387 2727 67
2387 3000 1
2388 2585 -2
2388 3000 1
2389 3000 1
2390 3000 1
2391 3000 1
2392 3000 1
2393 3000 1
2394 3000 1
2395 3000 1
2396 2806 27
2396 3000 1
2397 3000 1
2398 3000 1
2399 3000 1
2400 3000 1
2401 3000 1
2402 2858 -79
2402 3000 1
2403 2891 46
2403 3000 1
2404 3000 1
2405 2499 39
2405 2516 -78
2405 3000 1
2406 3000 1
2407 3000 1
2408 3000 1
2409 3000 1
2410 3000 1
2411 2644 -86
2411 2985 -50
2411 3000 1
2412 3000 1
2413 3000 1
2414 2849 19
2414 2950 -55
2414 3000 1
2415 3000 1
2416 3000 1
2417 3000 1
2418 3000 1
2419 3000 1
2420 3000 1
2421 3000 1
2422 3000 1
2423 3000 1
2424 3000 1
2425 3000 1
2426 3000 1
2427 3000 1
2428 2790 23
2428 3000 1
2429 2533 1
2429 3000 1
2430 3000 1
2431 3000 1
2432 3000 1
2433 3000 1
2434 3000 1
2435 3000 1
2436 3000 1
2437 3000 1
2438 3000 1
2439 3000 1
2440 2924 88
2440 3000 1
2441 3000 1
2442 2845 -17
2442 3000 1
2443 3000 1
2444 3000 1
2445 2624 -31
2445 3000 1
2446 3000 1
2447 3000 1
2448 3000 1
2449 3000 1
2450 2613 -10
2450 3000 1
2451 3000 1
2452 3000 1
2453 3000 1
2454 3000 1
2455 3000 1
2456 2651 -65
2456 2796 21
2456 3000 1
2457 2752 -54
2457 3000 1
2458 2812 45
2458 3000 1
2459 2608 85
2459 3000 1
2460 3000 1
2461 3000 1
2462 3000 1
2463 3000 1
2464 2979 66
2464 3000 1
2465 3000 1
2466 2699 30
2466 3000 1
2467 2628 -56
2467 3000 1
2468 3000 1
2469 3000 1
2470 3000 1
2471 3000 1
2472 3000 1
2473 2713 73
2473 3000 1
2474 3000 1
2475 3000 1
2476 2987 68
2476 3000 1
2477 3000 1
2478 2755 -60
2478 3000 1
2479 2822 -32
2479 3000 1
2480 2810 -91
2480 3000 1
2481 2532 63
2481 3000 1
2482 3000 1
2483 3000 1
2484 2645 12
2484 3000 1
2485 3000 1
2486 3000 1
2487 3000 1
2488 3000 1
2489 3000 1
2490 3000 1
2491 2714 89
2491 3000 1
2492 3000 1
2493 3000 1
2494 3000 1
2495 3000 1
2496 3000 1
2497 2827 81
2497 3000 1
2498 2593 88
2498 3000 1
2499 3000 1
2500 3000 1
2501 2744 -33
2501 3000 1
2502 2586 94
2502 2967 -64
2502 3000 1
2503 3000 1
2504 2537 -8
2504 3000 1
2505 3000 1
2506 3000 1
2507 2549 46
2507 3000 1
2508 3000 1
2509 2590 39
2509 3000 1
2510 3000 1
2511 3000 1
2512 3000 1
2513 3000 1
2514 2791 -59
2514 3000 1
2515 3000 1
2516 3000 1
2517 3000 1
2518 3000 1
2519 3000 1
2520 3000 1
2521 3000 1
2522 2677 39
2522 3000 1
2523 3000 1
2524 3000 1
2525 2752 -75
2525 3000 1
2526 3000 1
2527 3000 1
2528 3000 1
2529 3000 1
2530 3000 1
2531 3000 1
2532 3000 1
2533 3000 1
2534 3000 1
2535 2560 -41
2535 3000 1
2536 3000 1
2537 3000 1
2538 2796 -1
2538 3000 1
2539 3000 1
2540 3000 1
2541 2689 25
2541 3000 1
2542 3000 1
2543 3000 1
2544 3000 1
2545 3000 1
2546 3000 1
2547 3000 1
2548 3000 1
2549 2598 38
2549 3000 1
2550 3000 1
2551 2875 64
2551 3000 1
2552 2840 -35
2552 3000 1
2553 3000 1
2554 3000 1
2555 3000 1
2556 3000 1
2557 3000 1
2558 3000 1
2559 3000 1
2560 3000 1
2561 3000 1
2562 3000 1
2563 3000 1
2564 3000 1
2565 3000 1
2566 3000 1
2567 2726 -65
2567 3000 1
2568 3000 1
2569 3000 1
2570 3000 1
2571 3000 1
2572 3000 1
2573 2860 2
2573 3000 1
2574 3000 1
2575 3000 1
2576 3000 1
2577 2595 37
2577 3000 1
2578 3000 1
2579 3000 1
2580 3000 1
2581 3000 1
2582 3000 1
2583 3000 1
2584 3000 1
2585 3000 1
2586 3000 1
2587 3000 1
2588 2650 81
2588 3000 1
2589 3000 1
2590 3000 1
2591 3000 1
2592 3000 1
2593 3000 1
2594 3000 1
2595 3000 1
2596 2962 -57
2596 3000 1
2597 3000 1
2598 3000 1
2599 3000 1
2600 3000 1
2601 3000 1
2602 3000 1
2603 3000 1
2604 3000 1
2605 2738 -11
2605 3000 1
2606 3000 1
2607 3000 1
2608 3000 1
2609 3000 1
2610 3000 1
2611 3000 1
2612 3000 1
2613 3000 1
2614 3000 1
2615 3000 1
2616 3000 1
2617 3000 1
2618 3000 1
2619 3000 1
2620 3000 1
2621 3000 1
2622 3000 1
2623 3000 1
2624 3000 1
2625 3000 1
2626 3000 1
2627 3000 1
2628 3000 1
2629 3000 1
2630 2795 -35
2630 3000 1
2631 2666 -17
2631 3000 1
2632 3000 1
2633 3000 1
2634 3000 1
2635 2790 98
2635 2857 70
2635 3000 1
2636 3000 1
2637 3000 1
2638 3000 1
2639 3000 1
2640 3000 1
2641 3000 1
2642 2921 -47
2642 3000 1
2643 3000 1
2644 3000 1
2645 3000 1
2646 3000 1
2647 3000 1
2648 3000 1
2649 3000 1
2650 3000 1
2651 3000 1
2652 3000 1
2653 3000 1
2654 3000 1
2655 3000 1
2656 3000 1
2657 3000 1
2658 3000 1
2659 3000 1
2660 3000 1
2661 3000 1
2662 2742 -89
2662 3000 1
2663 3000 1
2664 3000 1
2665 3000 1
2666 2956 71
2666 3000 1
2667 3000 1
2668 3000 1
2669 3000 1
2670 3000 1
2671 2766 -18
2671 3000 1
2672 3000 1
2673 3000 1
2674 3000 1
2675 2755 -10
2675 3000 1
2676 3000 1
2677 3000 1
2678 3000 1
2679 3000 1
2680 3000 1
2681 3000 1
2682 3000 1
2683 3000 1
2684 2893 -58
2684 3000 1
2685 3000 1
2686 3000 1
2687 3000 1
2688 3000 1
2689 3000 1
2690 3000 1
2691 3000 1
2692 2974 -16
2692 3000 1
2693 3000 1
2694 3000 1
2695 3000 1
2696 3000 1
2697 2730 1
2697 3000 1
2698 3000 1
2699 3000 1
2700 3000 1
2701 3000 1
2702 3000 1
2703 3000 1
2704 3000 1
2705 3000 1
2706 3000 1
2707 3000 1
2708 3000 1
2709 3000 1
2710 2923 -4
2710 3000 1
2711 3000 1
2712 3000 1
2713 3000 1
2714 3000 1
2715 3000 1
2716 2883 -20
2716 2911 -95
2716 3000 1
2717 3000 1
2718 3000 1
2719 3000 1
2720 3000 1
2721 3000 1
2722 2725 13
2722 3000 1
2723 3000 1
2724 3000 1
2725 3000 1
2726 3000 1
2727 3000 1
2728 3000 1
2729 3000 1
2730 3000 1
2731 3000 1
2732 3000 1
2733 2871 -94
2733 3000 1
2734 2792 61
2734 3000 1
2735 3000 1
2736 3000 1
2737 3000 1
2738 3000 1
2739 3000 1
2740 3000 1
2741 3000 1
2742 3000 1
2743 2919 -84
2743 3000 1
2744 3000 1
2745 2814 22
2745 3000 1
2746 3000 1
2747 3000 1
2748 3000 1
2749 3000 1
2750 3000 1
2751 3000 1
2752 3000 1
2753 3000 1
2754 3000 1
2755 3000 1
2756 3000 1
2757 3000 1
2758 3000 1
2759 3000 1
2760 3000 1
2761 3000 1
2762 3000 1
2763 3000 1
2764 3000 1
2765 2924 -69
2765 3000 1
2766 3000 1
2767 3000 1
2768 3000 1
2769 3000 1
2770 3000 1
2771 3000 1
2772 3000 1
2773 3000 1
2774 3000 1
2775 3000 1
2776 3000 1
2777 3000 1
2778 3000 1
2779 2944 -67
2779 2985 46
2779 3000 1
2780 3000 1
2781 3000 1
2782 3000 1
2783 3000 1
2784 3000 1
2785 3000 1
2786 3000 1
2787 3000 1
2788 3000 1
2789 3000 1
2790 3000 1
2791 3000 1
2792 3000 1
2793 2859 -72
2793 3000 1
2794 3000 1
2795 3000 1
2796 3000 1
2797 3000 1
2798 3000 1
2799 3000 1
2800 3000 1
2801 3000 1
2802 3000 1
2803 3000 1
2804 2835 12
2804 3000 1
2805 2921 28
2805 3000 1
2806 3000 1
2807 3000 1
2808 2838 35
2808 3000 1
2809 2836 -4
2809 3000 1
2810 3000 1
2811 3000 1
2812 3000 1
2813 3000 1
2814 3000 1
2815 3000 1
2816 3000 1
2817 3000 1
2818 3000 1
2819 3000 1
2820 3000 1
2821 3000 1
2822 3000 1
2823 3000 1
2824 2859 -88
2824 3000 1
2825 3000 1
2826 3000 1
2827 3000 1
2828 3000 1
2829 3000 1
2830 3000 1
2831 3000 1
2832 3000 1
2833 3000 1
2834 3000 1
2835 3000 1
2836 2906 -37
2836 3000 1
2837 2924 80
2837 3000 1
2838 2983 -66
2838 3000 1
2839 3000 1
2840 3000 1
2841 3000 1
2842 3000 1
2843 2916 96
2843 3000 1
2844 3000 1
2845 3000 1
2846 2868 -90
2846 3000 1
2847 3000 1
2848 3000 1
2849 3000 1
2850 3000 1
2851 3000 1
2852 3000 1
2853 3000 1
2854 3000 1
2855 3000 1
2856 3000 1
2857 3000 1
2858 3000 1
2859 3000 1
2860 3000 1
2861 3000 1
2862 3000 1
2863 3000 1
2864 3000 1
2865 3000 1
2866 3000 1
2867 3000 1
2868 3000 1
2869 3000 1
2870 2890 4
2870 3000 1
2871 3000 1
2872 3000 1
2873 3000 1
2874 3000 1
2875 3000 1
2876 3000 1
2877 3000 1
2878 3000 1
2879 3000 1
2880 3000 1
2881 3000 1
2882 3000 1
2883 3000 1
2884 3000 1
2885 3000 1
2886 3000 1
2887 3000 1
2888 3000 1
2889 3000 1
2890 3000 1
2891 3000 1
2892 2942 78
2892 3000 1
2893 3000 1
2894 3000 1
2895 3000 1
2896 3000 1
2897 3000 1
2898 3000 1
2899 3000 1
2900 3000 1
2901 3000 1
2902 3000 1
2903 3000 1
2904 3000 1
2905 3000 1
2906 3000 1
2907 3000 1
2908 3000 1
2909 3000 1
2910 3000 1
2911 3000 1
2912 3000 1
2913 3000 1
2914 3000 1
2915 3000 1
2916 3000 1
2917 3000 1
2918 3000 1
2919 3000 1
2920 3000 1
2921 3000 1
2922 3000 1
2923 3000 1
2924 3000 1
2925 3000 1
2926 3000 1
2927 3000 1
2928 3000 1
2929 3000 1
2930 3000 1
2931 2995 83
2931 3000 1
2932 3000 1
2933 3000 1
2934 3000 1
2935 3000 1
2936 3000 1
2937 3000 1
2938 3000 1
2939 3000 1
2940 3000 1
2941 3000 1
2942 3000 1
2943 3000 1
2944 3000 1
2945 3000 1
2946 3000 1
2947 3000 1
2948 3000 1
2949 3000 1
2950 3000 1
2951 3000 1
2952 3000 1
2953 3000 1
2954 3000 1
2955 3000 1
2956 3000 1
2957 3000 1
2958 3000 1
2959 3000 1
2960 3000 1
2961 3000 1
2962 3000 1
2963 3000 1
2964 3000 1
2965 3000 1
2966 3000 1
2967 3000 1
2968 3000 1
2969 3000 1
2970 3000 1
2971 3000 1
2972 3000 1
2973 3000 1
2974 3000 1
2975 3000 1
2976 3000 1
2977 3000 1
2978 3000 1
2979 3000 1
2980 3000 1
2981 3000 1
2982 3000 1
2983 3000 1
2984 3000 1
2985 3000 1
2986 3000 1
2987 3000 1
2988 3000 1
2989 3000 1
2990 3000 1
2991 3000 1
2992 3000 1
2993 3000 1
2994 3000 1
2995 3000 1
2996 3000 1
2997 3000 1
2998 3000 1
2999 3000 1
