3000 7994
1 1598 -33
1 1736 1
1 2123 -93
1 2129 -83
2 304 1
2 573 -83
2 1177 -80
2 1736 1
2 2139 56
2 2608 59
3 1736 1
3 2488 -57
4 304 1
4 800 34
5 304 1
5 1402 -70
6 304 1
6 1607 59
6 1736 1
6 2042 56
6 2924 52
7 304 1
7 767 -35
7 1055 -83
7 1736 1
7 2631 100
7 2828 -58
8 1626 -89
8 1736 1
9 1156 21
9 1736 1
9 2634 -24
9 2994 -40
10 304 1
10 1330 -52
10 1414 9
10 1736 1
10 2486 92
10 2503 -57
11 304 1
11 914 -79
11 1736 1
11 1931 -79
11 2046 -98
11 2877 -82
12 633 -94
12 1736 1
13 21 82
13 304 1
13 1135 75
13 1329 7
13 1546 -38
13 1689 -25
13 1736 1
13 2156 45
14 304 1
14 333 -35
14 1331 -43
14 1736 1
14 1808 68
14 2581 -55
15 388 -43
15 1736 1
16 304 1
16 1736 1
16 1807 -27
16 1831 2
16 1889 7
16 2125 -98
17 1004 90
17 1630 -45
17 1736 1
17 2927 2
18 304 1
18 1695 -98
18 2887 -25
19 304 1
19 728 -79
19 869 38
19 1736 1
19 2139 -70
20 1736 1
20 2822 70
21 304 1
21 1736 1
21 2966 39
22 304 1
22 571 -38
23 1197 47
23 1736 1
24 304 1
24 1437 21
25 1624 -81
25 1736 1
25 1909 -69
26 304 1
26 1491 -28
26 1705 -57
27 304 1
27 501 51
27 735 79
27 821 -74
27 841 26
27 1622 29
27 1736 1
28 304 1
28 1736 1
28 1819 -86
28 1975 53
28 2206 -64
28 2580 -35
28 2965 56
29 42 100
29 95 34
29 304 1
29 310 56
29 533 72
29 1129 -76
29 1508 -14
29 1736 1
29 2469 -58
30 304 1
30 579 -79
30 1579 -71
30 1736 1
31 304 1
31 1736 1
31 2151 98
31 2867 -89
32 244 -1
32 304 1
32 1736 1
32 2400 13
33 304 1
33 704 67
33 1736 1
33 1878 96
34 889 16
34 1736 1
35 304 1
35 1190 -42
36 304 1
36 1420 72
36 2096 4
36 2192 48
37 244 -63
37 304 1
37 766 4
37 1289 -48
38 982 -85
38 1736 1
39 134 -34
39 304 1
39 382 18
39 1894 68
40 100 88
40 1736 1
41 304 1
41 460 -10
41 1290 65
41 1430 30
41 1736 1
41 2334 -79
41 2676 -47
41 2886 -1
42 304 1
42 420 -45
42 1060 32
42 1365 -5
42 1736 1
42 2500 19
43 49 -73
43 1391 -95
43 1736 1
44 304 1
44 1080 -68
44 1525 52
44 1736 1
45 405 59
45 1736 1
46 601 98
46 1736 1
46 2201 69
47 651 88
47 1691 -14
47 1736 1
48 270 -14
48 1736 1
48 2077 -69
49 1406 77
49 1736 1
50 304 1
50 1138 -21
50 1465 -11
50 2172 -72
50 2843 -10
51 304 1
51 750 -8
52 513 -99
52 1170 88
52 1736 1
53 285 -79
53 304 1
53 401 32
53 582 39
53 1127 72
53 1736 1
53 1743 -89
53 2382 -67
53 2584 45
54 143 -65
54 304 1
54 447 12
54 690 -75
54 1052 -2
54 1736 1
54 1948 -59
55 209 -11
55 304 1
55 449 15
55 485 -87
55 1423 -92
55 1736 1
55 2980 9
56 879 17
56 1736 1
57 304 1
57 1396 57
57 1684 76
58 1614 90
58 1664 -63
58 1736 1
59 304 1
59 2924 12
60 187 -95
60 228 -4
60 304 1
60 906 5
60 1736 1
61 131 -89
61 1204 74
61 1736 1
61 2621 -100
62 304 1
62 1299 -89
63 1736 1
63 2167 -48
64 207 -12
64 304 1
64 328 81
64 912 -33
64 1497 -96
64 1736 1
64 2817 -35
65 1736 1
65 2473 20
65 2754 73
66 304 1
66 1277 20
66 2205 -58
66 2258 -47
67 1736 1
67 2369 85
68 304 1
68 1655 -77
68 1683 55
68 1736 1
68 1791 41
68 2568 47
69 304 1
69 2262 80
70 96 -55
70 304 1
70 788 39
70 1736 1
70 2360 89
71 304 1
71 1024 -68
72 1736 1
72 1906 35
72 2501 10
73 364 -66
73 1701 -14
73 1736 1
74 304 1
74 1932 -81
75 119 25
75 283 44
75 1736 1
76 304 1
76 1277 -42
76 1736 1
76 2330 -55
76 2753 69
77 304 1
77 1684 81
77 1715 -92
77 1725 20
77 1736 1
77 2574 -51
77 2599 -77
78 1127 -37
78 1736 1
79 434 48
79 657 -60
79 1736 1
80 108 -37
80 220 -73
80 467 75
80 1657 93
80 1736 1
81 304 1
81 962 97
81 969 -41
81 1004 -19
81 1375 47
81 1736 1
82 1736 1
82 2532 -81
83 372 62
83 1736 1
83 2629 9
83 2664 -39
83 2717 60
84 167 -32
84 304 1
84 670 55
84 1078 -53
84 1589 -32
84 1736 1
84 1822 -71
85 304 1
85 901 -39
85 1736 1
85 2136 62
86 404 -17
86 1736 1
87 197 -39
87 304 1
87 392 -74
87 1736 1
88 437 -29
88 1736 1
89 304 1
89 2071 86
89 2935 -79
90 304 1
90 835 -3
90 1032 39
90 1531 21
90 1736 1
90 1896 -15
90 2799 14
91 304 1
91 1736 1
91 1810 65
91 2765 32
92 304 1
92 716 33
92 828 65
92 886 -32
92 1736 1
92 2609 -86
93 1736 1
93 1893 -7
93 2320 66
93 2509 -51
94 171 30
94 173 -95
94 304 1
94 845 -9
94 1439 -93
94 1736 1
94 1938 -93
94 1970 -67
95 304 1
95 2475 36
96 304 1
96 417 29
96 760 -53
96 1367 15
96 1379 -85
96 1736 1
96 2168 -33
96 2431 -43
96 2892 -83
96 2980 23
97 304 1
97 1554 -83
97 2067 -100
98 657 23
98 1736 1
99 304 1
99 579 35
99 1725 -32
99 1736 1
99 2893 -53
100 304 1
100 379 24
100 769 51
100 1736 1
100 2645 -99
100 2841 -66
101 304 1
101 633 -82
101 831 1
101 1231 12
101 1736 1
101 2172 84
102 304 1
102 385 -61
102 1736 1
102 2462 -5
102 2583 74
102 2866 90
103 778 -20
103 1736 1
103 2038 83
104 304 1
104 1018 46
105 304 1
105 1598 -58
105 1736 1
105 2133 94
105 2292 -89
106 233 31
106 292 -77
106 304 1
106 1382 -10
106 1736 1
106 1758 -66
106 1894 -34
106 1989 -14
106 2512 -32
106 2903 -79
107 204 73
107 304 1
107 415 91
107 1056 -31
107 1704 -13
107 1736 1
107 2021 -27
107 2442 -6
107 2966 -72
108 1435 -73
108 1736 1
108 2395 80
109 304 1
109 2551 -25
110 304 1
110 871 -63
110 1292 41
111 248 96
111 1736 1
111 1746 -100
111 2355 -52
111 2520 -34
112 304 1
112 689 47
112 1287 -54
113 1655 -11
113 1736 1
113 2186 -89
113 2664 -62
114 304 1
114 709 -14
114 1285 25
114 1616 -77
114 1736 1
114 1970 -17
115 304 1
115 429 33
115 1277 94
115 1736 1
115 2718 -52
115 2737 -11
115 2739 28
116 886 -43
116 1736 1
116 2329 81
116 2532 83
117 156 -92
117 1736 1
117 1762 -25
117 2200 -68
118 304 1
118 1353 -48
119 1736 1
119 1835 55
119 2589 38
120 304 1
120 788 -97
120 821 31
120 1206 -37
120 1736 1
120 2108 67
120 2452 -73
120 2867 63
120 2874 30
121 304 1
121 555 19
121 1316 50
121 1736 1
121 2062 98
121 2302 59
121 2350 91
122 592 10
122 801 -60
122 857 -22
122 1736 1
122 1935 -5
123 162 42
123 304 1
123 1491 -7
123 1736 1
123 2083 22
123 2305 83
124 304 1
124 435 -91
124 1736 1
124 2249 73
124 2534 -49
124 2575 -54
125 304 1
125 644 71
125 1071 -20
126 304 1
126 780 75
126 2201 100
127 304 1
127 736 21
128 547 68
128 1255 -68
128 1707 -62
128 1736 1
128 2935 97
129 1736 1
129 2217 -81
129 2322 -25
130 1063 60
130 1736 1
131 304 1
131 376 -76
131 1308 -89
131 1522 -57
131 1736 1
131 2544 -17
131 2686 25
131 2796 -73
131 2883 -62
132 304 1
132 483 -33
132 1608 56
132 2192 -7
132 2563 -22
133 1387 60
133 1736 1
134 304 1
134 2158 -74
135 304 1
135 1475 50
135 2226 -86
136 203 52
136 304 1
136 1128 -39
137 304 1
137 1242 -22
137 2051 -43
138 304 1
138 738 99
138 1089 -30
138 1397 -5
139 304 1
139 511 59
139 945 98
139 2657 -68
140 304 1
140 2056 94
141 304 1
141 2488 59
142 287 -60
142 304 1
142 494 18
142 1736 1
142 1945 1
142 2242 -83
142 2683 -69
142 2725 -61
142 2804 36
142 2942 -88
143 1736 1
144 304 1
144 1266 52
144 1630 35
144 1736 1
145 304 1
145 352 21
145 937 -91
146 304 1
146 960 12
147 214 99
147 304 1
147 891 68
147 915 -57
148 1736 1
148 2003 4
149 566 -22
149 1181 -68
149 1401 44
149 1736 1
149 2964 96
150 304 1
150 423 54
150 1736 1
150 2605 47
150 2751 -79
151 304 1
151 1700 49
151 2603 -43
152 304 1
152 1600 26
153 304 1
153 2591 91
154 304 1
154 448 85
154 2385 -54
155 304 1
155 1383 -31
155 1736 1
155 2457 17
156 1458 92
156 1736 1
157 304 1
157 573 6
157 1704 -22
157 1736 1
157 1805 96
157 2689 84
158 304 1
158 663 -26
158 671 -78
159 304 1
159 1342 -22
159 1736 1
159 2083 -100
159 2619 90
160 1711 78
160 1736 1
161 322 -21
161 1736 1
162 304 1
163 304 1
163 1289 -28
163 2953 -61
164 1002 -22
164 1736 1
165 304 1
165 1878 -53
165 2318 46
166 1041 -33
166 1736 1
166 1880 99
167 1291 -91
167 1736 1
167 2109 -9
167 2658 -75
167 2878 78
168 769 -12
168 1736 1
169 304 1
169 2501 -6
170 304 1
170 989 -88
170 1195 -64
170 1736 1
170 1803 -65
170 2199 68
170 2871 84
171 304 1
171 1663 61
171 1736 1
171 1933 26
171 2886 -35
172 287 17
172 304 1
172 1851 16
173 304 1
173 384 -57
173 541 84
173 1736 1
173 2065 -99
173 2292 39
173 2426 96
174 538 -10
174 1480 -47
174 1736 1
174 2721 32
175 304 1
175 652 1
175 1736 1
175 1803 60
175 2960 92
176 304 1
176 445 65
176 1672 -12
176 1736 1
176 2604 51
177 1482 -6
177 1713 -78
177 1736 1
177 2355 56
178 300 30
178 304 1
178 2786 47
179 304 1
179 675 62
179 2436 46
180 304 1
180 432 -30
180 780 99
180 1276 98
181 304 1
181 528 -5
181 2098 72
182 304 1
182 1548 73
183 195 65
183 304 1
183 1678 93
184 1736 1
184 2776 49
185 304 1
185 1858 83
185 2310 -78
186 1577 77
186 1638 -94
186 1736 1
186 2077 -1
187 304 1
187 914 -57
187 1775 -15
188 304 1
188 1736 1
188 1757 5
188 1767 -90
188 1902 48
188 2665 6
188 2831 -45
189 619 -95
189 1269 43
189 1736 1
190 304 1
190 411 18
190 612 -26
190 827 -79
190 839 13
190 879 88
190 1736 1
191 1736 1
191 2417 -69
192 304 1
192 1386 -68
192 2655 -47
192 2962 85
193 312 -17
193 1736 1
194 1736 1
194 1915 -65
194 2620 40
195 304 1
195 1335 -66
195 1338 99
195 1736 1
195 2256 19
196 304 1
196 1262 7
196 1736 1
196 1849 -100
196 2834 -94
197 304 1
197 897 -27
197 2328 77
198 1736 1
198 2944 -65
199 1721 75
199 1736 1
200 1736 1
200 1746 77
201 304 1
201 704 93
201 1476 -16
201 1736 1
201 2073 -62
201 2122 36
202 301 94
202 304 1
202 1065 89
202 1736 1
202 2112 -24
202 2396 16
203 304 1
203 522 -71
203 2080 -9
204 1282 -49
204 1736 1
204 1769 46
205 1416 -33
205 1736 1
205 1844 67
206 304 1
206 2088 -58
207 304 1
207 334 54
207 502 -14
207 556 42
207 1322 -41
207 1736 1
207 2556 98
208 304 1
208 2307 -82
209 304 1
209 520 62
209 1656 34
209 1736 1
209 2477 67
209 2506 -40
209 2934 -95
210 1470 28
210 1736 1
210 2654 21
211 304 1
211 2098 -3
211 2384 27
211 2485 -21
212 304 1
212 2795 14
213 1157 -34
213 1736 1
214 304 1
214 2637 -12
215 1350 -65
215 1736 1
216 304 1
216 647 55
216 1020 12
216 1700 -91
216 1736 1
216 1888 -88
216 2927 -79
217 304 1
217 2124 -15
218 304 1
218 641 -50
219 1736 1
219 1816 37
219 2822 65
219 2978 51
220 304 1
220 1736 1
220 1881 -67
220 2732 54
221 304 1
221 361 61
222 304 1
222 631 17
222 1842 -99
222 2216 65
223 1674 -39
223 1736 1
223 2629 61
224 304 1
224 685 -96
224 1408 -7
224 1736 1
225 304 1
225 542 6
225 1068 -22
225 1315 -81
225 1736 1
225 1973 58
225 2672 80
226 369 12
226 987 -66
226 1029 17
226 1736 1
227 1736 1
227 2370 7
227 2500 11
228 1736 1
229 304 1
229 789 45
229 2375 -48
230 1736 1
230 2321 66
230 2727 79
231 304 1
231 2162 80
232 304 1
232 1424 95
232 2191 -19
233 237 -94
233 304 1
233 344 64
233 1233 40
233 1736 1
233 1810 35
233 2153 -21
234 915 55
234 1145 68
234 1736 1
235 1736 1
235 1940 -67
235 2128 -35
236 711 -78
236 1722 -36
236 1736 1
236 2425 9
236 2478 -30
236 2763 29
236 2849 56
237 304 1
238 304 1
238 750 80
238 1876 -47
238 2247 59
239 735 96
239 1304 43
239 1736 1
240 260 43
240 304 1
240 2030 9
241 304 1
241 1222 -34
241 1736 1
241 1850 -50
241 2107 99
242 745 27
242 753 -24
242 1736 1
242 2081 38
243 304 1
243 581 37
243 2997 -37
244 288 -30
244 304 1
244 362 -59
244 1673 -82
244 1736 1
244 2263 6
245 304 1
245 1231 -69
245 1798 94
246 1736 1
246 1857 61
247 747 -94
247 1736 1
247 2845 -61
248 304 1
248 1736 1
248 1756 -85
248 2367 12
249 256 -3
249 304 1
249 1736 1
249 2395 -6
249 2434 -54
250 304 1
250 1695 33
251 692 -81
251 1736 1
251 1793 39
251 2267 -56
252 518 -17
252 1736 1
253 1736 1
253 2155 -91
253 2876 -71
254 304 1
254 345 -95
254 1436 -62
254 1736 1
254 2171 -50
254 2629 88
254 2943 -99
254 2955 -92
255 304 1
255 644 -69
255 1591 -58
255 1736 1
255 2976 -86
256 1736 1
257 258 83
257 304 1
257 800 -7
257 969 -19
257 1736 1
258 304 1
258 881 -29
258 2442 84
258 2862 37
259 304 1
259 427 3
259 798 -30
259 941 -1
259 1736 1
260 304 1
260 328 57
260 2714 -21
261 304 1
261 503 -48
261 1736 1
261 1851 53
261 2228 -70
262 1736 1
262 2073 54
263 304 1
263 319 33
263 1318 23
263 1594 77
263 1736 1
263 1863 49
263 2088 -10
263 2238 -71
264 823 -76
264 1736 1
264 2051 -23
265 304 1
265 328 -77
265 1149 -36
265 1221 -78
265 1273 76
265 1279 -97
265 1736 1
265 1803 64
265 2460 -69
266 298 -12
266 1736 1
267 304 1
267 684 91
267 1029 7
267 1171 -2
267 1736 1
267 1814 -73
267 1990 -40
267 2095 54
267 2482 -14
268 469 -51
268 1736 1
269 304 1
269 800 69
269 1736 1
269 2433 -40
269 2476 37
269 2899 -26
269 2960 -77
270 1736 1
270 2041 -81
271 304 1
271 1697 -37
272 304 1
272 1567 -63
272 2289 -76
272 2447 83
273 304 1
273 530 -23
273 2608 -3
273 2889 9
274 304 1
274 1736 1
274 2341 15
274 2443 -19
274 2670 -68
274 2721 7
275 304 1
275 821 -89
275 1688 6
275 1736 1
275 2019 4
276 304 1
276 1403 9
276 2155 -25
277 972 -56
277 1202 -76
277 1736 1
277 1795 -3
277 2242 88
277 2967 -41
278 304 1
278 1372 5
278 2632 3
279 328 -57
279 1736 1
280 304 1
280 1393 -56
281 304 1
281 1034 28
281 1511 15
281 1567 61
281 1736 1
281 2588 66
281 2798 -3
281 2915 1
282 304 1
282 1114 -85
282 1220 -27
283 304 1
283 854 -4
283 1736 1
283 1963 -88
283 2070 -59
284 1736 1
284 1908 63
284 2775 -23
285 303 -21
285 304 1
285 1261 27
285 1736 1
286 304 1
286 631 54
286 1187 25
286 1241 2
286 1736 1
286 2431 -78
287 304 1
287 1736 1
287 1778 -14
287 2978 -42
288 304 1
288 1586 64
288 1736 1
288 2830 -89
289 304 1
289 973 83
289 2465 72
290 304 1
290 1736 1
290 1774 76
290 1958 52
290 2015 -25
291 304 1
291 968 55
291 992 76
292 304 1
292 1554 -87
292 1736 1
292 2323 3
293 304 1
293 1115 100
293 2598 -30
294 304 1
294 720 -49
295 304 1
295 2670 -14
296 304 1
296 1428 -59
297 659 -33
297 1736 1
298 304 1
298 1429 100
298 1736 1
298 1924 -24
298 2662 86
298 2884 -80
299 1534 18
299 1736 1
300 304 1
300 1736 1
300 2066 -51
300 2300 19
300 2755 48
301 304 1
301 1402 -67
301 1736 1
301 2698 -33
302 304 1
302 1149 77
303 304 1
303 785 96
304 305 1
304 306 1
304 307 1
304 308 1
304 309 1
304 311 1
304 314 1
304 315 1
304 316 1
304 317 1
304 318 1
304 319 1
304 320 1
304 321 1
304 322 1
304 323 1
304 324 1
304 325 1
304 327 1
304 328 1
304 330 1
304 332 1
304 333 1
304 334 1
304 336 1
304 337 1
304 338 1
304 339 1
304 340 1
304 342 1
304 343 1
304 345 1
304 346 1
304 348 1
304 349 1
304 352 1
304 354 1
304 355 1
304 357 1
304 359 1
304 361 1
304 365 1
304 367 1
304 368 1
304 369 1
304 370 1
304 371 1
304 372 1
304 374 1
304 375 1
304 376 1
304 378 1
304 379 1
304 382 1
304 383 1
304 384 1
304 385 1
304 387 1
304 388 1
304 389 1
304 390 1
304 391 1
304 393 1
304 394 1
304 395 1
304 396 1
304 397 1
304 399 1
304 400 1
304 401 1
304 403 1
304 407 1
304 409 1
304 410 1
304 413 1
304 414 1
304 416 1
304 420 1
304 421 1
304 423 1
304 424 1
304 426 1
304 429 1
304 430 1
304 432 1
304 436 1
304 437 1
304 438 1
304 439 1
304 440 1
304 442 1
304 443 1
304 444 1
304 448 1
304 449 1
304 451 1
304 452 1
304 455 1
304 456 1
304 458 1
304 459 1
304 460 1
304 463 1
304 464 1
304 465 1
304 467 1
304 468 1
304 469 1
304 471 1
304 474 1
304 476 1
304 477 1
304 479 1
304 480 1
304 483 1
304 484 1
304 485 1
304 487 1
304 488 1
304 491 1
304 494 1
304 495 1
304 498 1
304 499 1
304 500 1
304 501 1
304 502 1
304 503 1
304 505 1
304 506 1
304 507 1
304 511 1
304 512 1
304 514 1
304 517 1
304 518 1
304 520 1
304 521 1
304 522 1
304 524 1
304 526 1
304 527 1
304 528 1
304 530 1
304 531 1
304 534 1
304 537 1
304 538 1
304 539 1
304 540 1
304 541 1
304 542 1
304 543 1
304 544 1
304 546 1
304 548 1
304 549 1
304 550 1
304 552 1
304 553 1
304 554 1
304 555 1
304 556 1
304 557 1
304 558 1
304 559 1
304 561 1
304 562 1
304 563 1
304 564 1
304 565 1
304 567 1
304 570 1
304 571 1
304 572 1
304 575 1
304 576 1
304 577 1
304 581 1
304 582 1
304 583 1
304 584 1
304 585 1
304 589 1
304 590 1
304 591 1
304 592 1
304 593 1
304 594 1
304 595 1
304 596 1
304 597 1
304 598 1
304 599 1
304 600 1
304 602 1
304 603 1
304 606 1
304 607 1
304 608 1
304 609 1
304 611 1
304 613 1
304 614 1
304 616 1
304 617 1
304 620 1
304 621 1
304 622 1
304 624 1
304 625 1
304 626 1
304 628 1
304 630 1
304 631 1
304 632 1
304 633 1
304 635 1
304 637 1
304 641 1
304 642 1
304 643 1
304 644 1
304 645 1
304 646 1
304 648 1
304 649 1
304 650 1
304 651 1
304 652 1
304 653 1
304 654 1
304 655 1
304 656 1
304 657 1
304 660 1
304 661 1
304 662 1
304 663 1
304 665 1
304 666 1
304 667 1
304 669 1
304 670 1
304 671 1
304 672 1
304 674 1
304 675 1
304 676 1
304 678 1
304 680 1
304 684 1
304 685 1
304 686 1
304 687 1
304 689 1
304 692 1
304 693 1
304 694 1
304 698 1
304 699 1
304 700 1
304 702 1
304 704 1
304 705 1
304 706 1
304 707 1
304 709 1
304 710 1
304 711 1
304 714 1
304 715 1
304 716 1
304 717 1
304 718 1
304 719 1
304 720 1
304 721 1
304 722 1
304 723 1
304 724 1
304 727 1
304 729 1
304 731 1
304 733 1
304 736 1
304 737 1
304 738 1
304 740 1
304 742 1
304 743 1
304 744 1
304 746 1
304 749 1
304 750 1
304 751 1
304 752 1
304 755 1
304 756 1
304 757 1
304 758 1
304 759 1
304 760 1
304 761 1
304 762 1
304 764 1
304 766 1
304 767 1
304 768 1
304 769 1
304 777 1
304 779 1
304 780 1
304 781 1
304 782 1
304 783 1
304 785 1
304 786 1
304 787 1
304 788 1
304 789 1
304 790 1
304 791 1
304 793 1
304 794 1
304 795 1
304 796 1
304 799 1
304 800 1
304 803 1
304 805 1
304 806 1
304 807 1
304 811 1
304 812 1
304 814 1
304 815 1
304 818 1
304 819 1
304 821 1
304 825 1
304 826 1
304 827 1
304 829 1
304 830 1
304 831 1
304 832 1
304 834 1
304 835 1
304 838 1
304 839 1
304 840 1
304 841 1
304 846 1
304 847 1
304 848 1
304 850 1
304 851 1
304 854 1
304 857 1
304 859 1
304 860 1
304 861 1
304 862 1
304 863 1
304 864 1
304 865 1
304 866 1
304 867 1
304 869 1
304 870 1
304 871 1
304 874 1
304 875 1
304 877 1
304 878 1
304 879 1
304 880 1
304 881 1
304 887 1
304 888 1
304 890 1
304 891 1
304 892 1
304 893 1
304 896 1
304 897 1
304 898 1
304 899 1
304 901 1
304 903 1
304 904 1
304 905 1
304 907 1
304 908 1
304 909 1
304 910 1
304 912 1
304 913 1
304 914 1
304 915 1
304 916 1
304 917 1
304 918 1
304 919 1
304 920 1
304 921 1
304 922 1
304 923 1
304 924 1
304 925 1
304 928 1
304 930 1
304 932 1
304 933 1
304 934 1
304 937 1
304 938 1
304 939 1
304 941 1
304 942 1
304 944 1
304 945 1
304 947 1
304 948 1
304 949 1
304 951 1
304 952 1
304 953 1
304 954 1
304 955 1
304 957 1
304 958 1
304 959 1
304 960 1
304 962 1
304 964 1
304 967 1
304 968 1
304 969 1
304 970 1
304 971 1
304 972 1
304 973 1
304 974 1
304 978 1
304 979 1
304 980 1
304 983 1
304 985 1
304 986 1
304 988 1
304 989 1
304 990 1
304 991 1
304 992 1
304 993 1
304 995 1
304 997 1
304 998 1
304 1004 1
304 1005 1
304 1007 1
304 1008 1
304 1009 1
304 1010 1
304 1011 1
304 1012 1
304 1013 1
304 1014 1
304 1016 1
304 1017 1
304 1018 1
304 1020 1
304 1022 1
304 1024 1
304 1025 1
304 1026 1
304 1027 1
304 1028 1
304 1029 1
304 1031 1
304 1033 1
304 1035 1
304 1036 1
304 1039 1
304 1042 1
304 1043 1
304 1046 1
304 1049 1
304 1050 1
304 1051 1
304 1052 1
304 1054 1
304 1057 1
304 1058 1
304 1060 1
304 1061 1
304 1062 1
304 1064 1
304 1065 1
304 1066 1
304 1067 1
304 1068 1
304 1069 1
304 1070 1
304 1071 1
304 1072 1
304 1073 1
304 1074 1
304 1076 1
304 1077 1
304 1078 1
304 1079 1
304 1080 1
304 1081 1
304 1082 1
304 1083 1
304 1084 1
304 1086 1
304 1087 1
304 1088 1
304 1089 1
304 1092 1
304 1093 1
304 1094 1
304 1095 1
304 1096 1
304 1097 1
304 1098 1
304 1101 1
304 1103 1
304 1105 1
304 1107 1
304 1109 1
304 1110 1
304 1113 1
304 1114 1
304 1115 1
304 1117 1
304 1118 1
304 1119 1
304 1121 1
304 1122 1
304 1123 1
304 1125 1
304 1127 1
304 1128 1
304 1130 1
304 1131 1
304 1132 1
304 1133 1
304 1135 1
304 1136 1
304 1138 1
304 1139 1
304 1143 1
304 1145 1
304 1148 1
304 1149 1
304 1150 1
304 1151 1
304 1152 1
304 1153 1
304 1158 1
304 1159 1
304 1160 1
304 1164 1
304 1165 1
304 1167 1
304 1169 1
304 1173 1
304 1176 1
304 1177 1
304 1178 1
304 1180 1
304 1182 1
304 1183 1
304 1185 1
304 1186 1
304 1190 1
304 1192 1
304 1193 1
304 1195 1
304 1196 1
304 1197 1
304 1200 1
304 1201 1
304 1206 1
304 1208 1
304 1209 1
304 1210 1
304 1211 1
304 1212 1
304 1213 1
304 1215 1
304 1216 1
304 1217 1
304 1218 1
304 1219 1
304 1220 1
304 1221 1
304 1222 1
304 1223 1
304 1227 1
304 1231 1
304 1233 1
304 1234 1
304 1235 1
304 1236 1
304 1238 1
304 1239 1
304 1241 1
304 1242 1
304 1243 1
304 1244 1
304 1245 1
304 1246 1
304 1248 1
304 1249 1
304 1250 1
304 1253 1
304 1256 1
304 1257 1
304 1258 1
304 1259 1
304 1263 1
304 1264 1
304 1265 1
304 1266 1
304 1267 1
304 1268 1
304 1271 1
304 1272 1
304 1273 1
304 1275 1
304 1276 1
304 1277 1
304 1278 1
304 1279 1
304 1281 1
304 1282 1
304 1283 1
304 1284 1
304 1285 1
304 1286 1
304 1287 1
304 1288 1
304 1289 1
304 1290 1
304 1292 1
304 1293 1
304 1294 1
304 1295 1
304 1298 1
304 1299 1
304 1301 1
304 1303 1
304 1307 1
304 1308 1
304 1309 1
304 1310 1
304 1312 1
304 1317 1
304 1318 1
304 1320 1
304 1321 1
304 1322 1
304 1323 1
304 1324 1
304 1326 1
304 1327 1
304 1331 1
304 1334 1
304 1335 1
304 1336 1
304 1337 1
304 1338 1
304 1339 1
304 1340 1
304 1342 1
304 1343 1
304 1344 1
304 1345 1
304 1351 1
304 1352 1
304 1353 1
304 1354 1
304 1355 1
304 1356 1
304 1357 1
304 1358 1
304 1359 1
304 1362 1
304 1366 1
304 1367 1
304 1369 1
304 1371 1
304 1372 1
304 1373 1
304 1374 1
304 1375 1
304 1376 1
304 1377 1
304 1378 1
304 1379 1
304 1383 1
304 1384 1
304 1386 1
304 1387 1
304 1388 1
304 1389 1
304 1391 1
304 1392 1
304 1393 1
304 1395 1
304 1396 1
304 1397 1
304 1399 1
304 1401 1
304 1402 1
304 1403 1
304 1404 1
304 1405 1
304 1406 1
304 1408 1
304 1410 1
304 1411 1
304 1413 1
304 1414 1
304 1415 1
304 1416 1
304 1418 1
304 1419 1
304 1420 1
304 1421 1
304 1422 1
304 1424 1
304 1425 1
304 1427 1
304 1428 1
304 1430 1
304 1431 1
304 1432 1
304 1433 1
304 1434 1
304 1436 1
304 1437 1
304 1439 1
304 1440 1
304 1441 1
304 1442 1
304 1444 1
304 1445 1
304 1448 1
304 1449 1
304 1451 1
304 1454 1
304 1455 1
304 1457 1
304 1459 1
304 1460 1
304 1462 1
304 1464 1
304 1465 1
304 1466 1
304 1467 1
304 1468 1
304 1469 1
304 1471 1
304 1472 1
304 1474 1
304 1475 1
304 1476 1
304 1477 1
304 1478 1
304 1481 1
304 1483 1
304 1484 1
304 1485 1
304 1487 1
304 1489 1
304 1490 1
304 1491 1
304 1492 1
304 1493 1
304 1497 1
304 1498 1
304 1500 1
304 1503 1
304 1504 1
304 1505 1
304 1506 1
304 1508 1
304 1509 1
304 1510 1
304 1512 1
304 1514 1
304 1515 1
304 1516 1
304 1517 1
304 1518 1
304 1519 1
304 1520 1
304 1521 1
304 1522 1
304 1523 1
304 1524 1
304 1526 1
304 1528 1
304 1530 1
304 1532 1
304 1533 1
304 1535 1
304 1537 1
304 1538 1
304 1539 1
304 1541 1
304 1543 1
304 1544 1
304 1546 1
304 1547 1
304 1548 1
304 1549 1
304 1550 1
304 1552 1
304 1554 1
304 1555 1
304 1556 1
304 1557 1
304 1560 1
304 1561 1
304 1562 1
304 1563 1
304 1564 1
304 1565 1
304 1567 1
304 1568 1
304 1569 1
304 1570 1
304 1571 1
304 1573 1
304 1575 1
304 1576 1
304 1577 1
304 1579 1
304 1581 1
304 1582 1
304 1583 1
304 1585 1
304 1586 1
304 1587 1
304 1588 1
304 1589 1
304 1591 1
304 1593 1
304 1595 1
304 1596 1
304 1597 1
304 1598 1
304 1599 1
304 1600 1
304 1603 1
304 1604 1
304 1606 1
304 1608 1
304 1610 1
304 1611 1
304 1614 1
304 1615 1
304 1616 1
304 1618 1
304 1620 1
304 1621 1
304 1622 1
304 1623 1
304 1625 1
304 1626 1
304 1628 1
304 1631 1
304 1633 1
304 1635 1
304 1636 1
304 1639 1
304 1640 1
304 1641 1
304 1643 1
304 1645 1
304 1646 1
304 1647 1
304 1648 1
304 1649 1
304 1650 1
304 1653 1
304 1655 1
304 1656 1
304 1657 1
304 1658 1
304 1661 1
304 1662 1
304 1663 1
304 1664 1
304 1666 1
304 1667 1
304 1668 1
304 1669 1
304 1670 1
304 1671 1
304 1672 1
304 1673 1
304 1675 1
304 1677 1
304 1678 1
304 1679 1
304 1680 1
304 1684 1
304 1685 1
304 1687 1
304 1688 1
304 1689 1
304 1690 1
304 1694 1
304 1695 1
304 1696 1
304 1697 1
304 1698 1
304 1700 1
304 1701 1
304 1702 1
304 1704 1
304 1705 1
304 1708 1
304 1710 1
304 1711 1
304 1712 1
304 1714 1
304 1715 1
304 1717 1
304 1718 1
304 1719 1
304 1722 1
304 1723 1
304 1725 1
304 1727 1
304 1728 1
304 1730 1
304 1731 1
304 1733 1
304 1734 1
304 1737 1
304 1739 1
304 1741 1
304 1743 1
304 1744 1
304 1745 1
304 1748 1
304 1749 1
304 1752 1
304 1757 1
304 1758 1
304 1760 1
304 1761 1
304 1762 1
304 1765 1
304 1766 1
304 1767 1
304 1768 1
304 1770 1
304 1772 1
304 1773 1
304 1774 1
304 1775 1
304 1776 1
304 1777 1
304 1778 1
304 1779 1
304 1783 1
304 1785 1
304 1788 1
304 1791 1
304 1792 1
304 1793 1
304 1794 1
304 1797 1
304 1798 1
304 1799 1
304 1801 1
304 1803 1
304 1804 1
304 1805 1
304 1806 1
304 1807 1
304 1809 1
304 1812 1
304 1813 1
304 1814 1
304 1817 1
304 1818 1
304 1819 1
304 1821 1
304 1822 1
304 1824 1
304 1825 1
304 1826 1
304 1829 1
304 1830 1
304 1831 1
304 1833 1
304 1834 1
304 1835 1
304 1836 1
304 1837 1
304 1838 1
304 1839 1
304 1841 1
304 1842 1
304 1843 1
304 1845 1
304 1846 1
304 1848 1
304 1851 1
304 1853 1
304 1854 1
304 1855 1
304 1857 1
304 1858 1
304 1860 1
304 1862 1
304 1863 1
304 1865 1
304 1866 1
304 1867 1
304 1868 1
304 1869 1
304 1870 1
304 1871 1
304 1872 1
304 1874 1
304 1875 1
304 1876 1
304 1878 1
304 1879 1
304 1881 1
304 1882 1
304 1884 1
304 1885 1
304 1886 1
304 1887 1
304 1888 1
304 1889 1
304 1892 1
304 1894 1
304 1895 1
304 1896 1
304 1897 1
304 1898 1
304 1900 1
304 1903 1
304 1905 1
304 1906 1
304 1907 1
304 1908 1
304 1910 1
304 1911 1
304 1913 1
304 1915 1
304 1917 1
304 1918 1
304 1919 1
304 1924 1
304 1925 1
304 1926 1
304 1927 1
304 1928 1
304 1929 1
304 1930 1
304 1931 1
304 1932 1
304 1936 1
304 1938 1
304 1939 1
304 1941 1
304 1942 1
304 1943 1
304 1944 1
304 1945 1
304 1948 1
304 1949 1
304 1950 1
304 1951 1
304 1953 1
304 1955 1
304 1956 1
304 1961 1
304 1962 1
304 1963 1
304 1964 1
304 1966 1
304 1968 1
304 1969 1
304 1970 1
304 1972 1
304 1973 1
304 1974 1
304 1975 1
304 1979 1
304 1980 1
304 1981 1
304 1982 1
304 1986 1
304 1987 1
304 1988 1
304 1989 1
304 1990 1
304 1991 1
304 1992 1
304 1993 1
304 1995 1
304 1996 1
304 1997 1
304 2002 1
304 2003 1
304 2004 1
304 2005 1
304 2006 1
304 2007 1
304 2008 1
304 2009 1
304 2010 1
304 2011 1
304 2013 1
304 2014 1
304 2017 1
304 2018 1
304 2019 1
304 2020 1
304 2021 1
304 2023 1
304 2024 1
304 2025 1
304 2026 1
304 2028 1
304 2029 1
304 2030 1
304 2031 1
304 2036 1
304 2037 1
304 2038 1
304 2039 1
304 2042 1
304 2045 1
304 2047 1
304 2048 1
304 2049 1
304 2051 1
304 2052 1
304 2054 1
304 2055 1
304 2056 1
304 2057 1
304 2059 1
304 2060 1
304 2061 1
304 2063 1
304 2065 1
304 2067 1
304 2068 1
304 2069 1
304 2070 1
304 2071 1
304 2072 1
304 2073 1
304 2074 1
304 2075 1
304 2076 1
304 2077 1
304 2078 1
304 2080 1
304 2082 1
304 2083 1
304 2085 1
304 2086 1
304 2088 1
304 2089 1
304 2090 1
304 2092 1
304 2093 1
304 2095 1
304 2096 1
304 2098 1
304 2099 1
304 2101 1
304 2102 1
304 2103 1
304 2104 1
304 2105 1
304 2106 1
304 2107 1
304 2108 1
304 2109 1
304 2110 1
304 2113 1
304 2114 1
304 2118 1
304 2120 1
304 2124 1
304 2125 1
304 2127 1
304 2128 1
304 2131 1
304 2132 1
304 2133 1
304 2134 1
304 2135 1
304 2137 1
304 2138 1
304 2139 1
304 2140 1
304 2141 1
304 2142 1
304 2143 1
304 2144 1
304 2146 1
304 2147 1
304 2148 1
304 2149 1
304 2151 1
304 2152 1
304 2153 1
304 2155 1
304 2156 1
304 2157 1
304 2158 1
304 2159 1
304 2160 1
304 2161 1
304 2162 1
304 2166 1
304 2167 1
304 2169 1
304 2171 1
304 2172 1
304 2173 1
304 2174 1
304 2175 1
304 2176 1
304 2179 1
304 2181 1
304 2182 1
304 2183 1
304 2185 1
304 2187 1
304 2189 1
304 2190 1
304 2191 1
304 2192 1
304 2193 1
304 2194 1
304 2196 1
304 2197 1
304 2199 1
304 2201 1
304 2202 1
304 2203 1
304 2204 1
304 2205 1
304 2206 1
304 2208 1
304 2210 1
304 2211 1
304 2212 1
304 2213 1
304 2215 1
304 2216 1
304 2217 1
304 2218 1
304 2222 1
304 2223 1
304 2224 1
304 2225 1
304 2226 1
304 2227 1
304 2229 1
304 2230 1
304 2231 1
304 2234 1
304 2236 1
304 2237 1
304 2238 1
304 2239 1
304 2240 1
304 2244 1
304 2245 1
304 2247 1
304 2248 1
304 2249 1
304 2252 1
304 2254 1
304 2255 1
304 2256 1
304 2257 1
304 2258 1
304 2260 1
304 2261 1
304 2262 1
304 2264 1
304 2265 1
304 2266 1
304 2269 1
304 2271 1
304 2272 1
304 2273 1
304 2274 1
304 2275 1
304 2278 1
304 2279 1
304 2280 1
304 2281 1
304 2282 1
304 2283 1
304 2284 1
304 2286 1
304 2289 1
304 2291 1
304 2292 1
304 2293 1
304 2295 1
304 2297 1
304 2299 1
304 2301 1
304 2302 1
304 2303 1
304 2305 1
304 2306 1
304 2307 1
304 2308 1
304 2309 1
304 2310 1
304 2311 1
304 2312 1
304 2313 1
304 2314 1
304 2315 1
304 2318 1
304 2319 1
304 2323 1
304 2324 1
304 2325 1
304 2326 1
304 2327 1
304 2328 1
304 2331 1
304 2332 1
304 2334 1
304 2335 1
304 2337 1
304 2340 1
304 2341 1
304 2343 1
304 2344 1
304 2345 1
304 2347 1
304 2348 1
304 2349 1
304 2351 1
304 2352 1
304 2353 1
304 2355 1
304 2357 1
304 2361 1
304 2363 1
304 2364 1
304 2366 1
304 2367 1
304 2370 1
304 2372 1
304 2373 1
304 2375 1
304 2377 1
304 2379 1
304 2380 1
304 2381 1
304 2382 1
304 2384 1
304 2385 1
304 2386 1
304 2387 1
304 2390 1
304 2391 1
304 2394 1
304 2395 1
304 2398 1
304 2399 1
304 2400 1
304 2401 1
304 2402 1
304 2407 1
304 2408 1
304 2410 1
304 2411 1
304 2412 1
304 2413 1
304 2415 1
304 2416 1
304 2417 1
304 2418 1
304 2420 1
304 2422 1
304 2424 1
304 2425 1
304 2427 1
304 2429 1
304 2430 1
304 2431 1
304 2432 1
304 2433 1
304 2435 1
304 2436 1
304 2438 1
304 2440 1
304 2442 1
304 2444 1
304 2445 1
304 2446 1
304 2447 1
304 2451 1
304 2454 1
304 2455 1
304 2456 1
304 2457 1
304 2460 1
304 2464 1
304 2465 1
304 2466 1
304 2467 1
304 2468 1
304 2469 1
304 2470 1
304 2471 1
304 2474 1
304 2475 1
304 2478 1
304 2480 1
304 2481 1
304 2483 1
304 2485 1
304 2486 1
304 2488 1
304 2489 1
304 2490 1
304 2493 1
304 2495 1
304 2496 1
304 2498 1
304 2499 1
304 2501 1
304 2502 1
304 2503 1
304 2504 1
304 2506 1
304 2507 1
304 2508 1
304 2509 1
304 2510 1
304 2511 1
304 2513 1
304 2514 1
304 2515 1
304 2516 1
304 2518 1
304 2519 1
304 2522 1
304 2523 1
304 2524 1
304 2525 1
304 2526 1
304 2527 1
304 2529 1
304 2530 1
304 2531 1
304 2532 1
304 2533 1
304 2534 1
304 2535 1
304 2536 1
304 2537 1
304 2538 1
304 2540 1
304 2542 1
304 2545 1
304 2546 1
304 2547 1
304 2548 1
304 2549 1
304 2551 1
304 2552 1
304 2555 1
304 2556 1
304 2558 1
304 2559 1
304 2560 1
304 2561 1
304 2562 1
304 2563 1
304 2564 1
304 2565 1
304 2567 1
304 2568 1
304 2570 1
304 2572 1
304 2573 1
304 2575 1
304 2576 1
304 2577 1
304 2578 1
304 2579 1
304 2580 1
304 2581 1
304 2582 1
304 2583 1
304 2584 1
304 2585 1
304 2586 1
304 2587 1
304 2591 1
304 2592 1
304 2593 1
304 2594 1
304 2598 1
304 2599 1
304 2603 1
304 2604 1
304 2605 1
304 2606 1
304 2607 1
304 2608 1
304 2609 1
304 2610 1
304 2611 1
304 2612 1
304 2613 1
304 2615 1
304 2618 1
304 2619 1
304 2622 1
304 2623 1
304 2624 1
304 2625 1
304 2626 1
304 2629 1
304 2631 1
304 2632 1
304 2633 1
304 2635 1
304 2636 1
304 2637 1
304 2638 1
304 2640 1
304 2641 1
304 2642 1
304 2646 1
304 2647 1
304 2648 1
304 2650 1
304 2651 1
304 2652 1
304 2655 1
304 2656 1
304 2657 1
304 2660 1
304 2662 1
304 2663 1
304 2666 1
304 2670 1
304 2671 1
304 2672 1
304 2673 1
304 2676 1
304 2677 1
304 2678 1
304 2679 1
304 2680 1
304 2681 1
304 2682 1
304 2683 1
304 2684 1
304 2685 1
304 2686 1
304 2687 1
304 2688 1
304 2691 1
304 2692 1
304 2693 1
304 2695 1
304 2696 1
304 2697 1
304 2698 1
304 2699 1
304 2702 1
304 2705 1
304 2707 1
304 2709 1
304 2710 1
304 2711 1
304 2713 1
304 2714 1
304 2717 1
304 2718 1
304 2721 1
304 2725 1
304 2726 1
304 2727 1
304 2729 1
304 2731 1
304 2732 1
304 2733 1
304 2734 1
304 2735 1
304 2738 1
304 2741 1
304 2742 1
304 2745 1
304 2746 1
304 2748 1
304 2749 1
304 2751 1
304 2752 1
304 2754 1
304 2756 1
304 2757 1
304 2758 1
304 2759 1
304 2762 1
304 2763 1
304 2764 1
304 2765 1
304 2767 1
304 2768 1
304 2771 1
304 2773 1
304 2774 1
304 2778 1
304 2779 1
304 2781 1
304 2782 1
304 2783 1
304 2786 1
304 2790 1
304 2792 1
304 2793 1
304 2794 1
304 2795 1
304 2796 1
304 2797 1
304 2799 1
304 2800 1
304 2801 1
304 2802 1
304 2803 1
304 2805 1
304 2806 1
304 2807 1
304 2808 1
304 2809 1
304 2810 1
304 2813 1
304 2815 1
304 2816 1
304 2817 1
304 2818 1
304 2819 1
304 2820 1
304 2821 1
304 2822 1
304 2824 1
304 2826 1
304 2827 1
304 2828 1
304 2830 1
304 2831 1
304 2832 1
304 2833 1
304 2834 1
304 2835 1
304 2836 1
304 2837 1
304 2838 1
304 2839 1
304 2841 1
304 2842 1
304 2843 1
304 2845 1
304 2848 1
304 2850 1
304 2851 1
304 2852 1
304 2854 1
304 2855 1
304 2856 1
304 2858 1
304 2859 1
304 2860 1
304 2861 1
304 2862 1
304 2863 1
304 2864 1
304 2865 1
304 2866 1
304 2868 1
304 2869 1
304 2870 1
304 2871 1
304 2872 1
304 2873 1
304 2874 1
304 2875 1
304 2876 1
304 2877 1
304 2878 1
304 2879 1
304 2880 1
304 2881 1
304 2883 1
304 2885 1
304 2886 1
304 2887 1
304 2889 1
304 2890 1
304 2891 1
304 2893 1
304 2895 1
304 2896 1
304 2897 1
304 2898 1
304 2900 1
304 2902 1
304 2904 1
304 2905 1
304 2907 1
304 2909 1
304 2910 1
304 2911 1
304 2913 1
304 2914 1
304 2915 1
304 2917 1
304 2918 1
304 2919 1
304 2921 1
304 2922 1
304 2923 1
304 2924 1
304 2925 1
304 2928 1
304 2929 1
304 2930 1
304 2931 1
304 2932 1
304 2933 1
304 2934 1
304 2935 1
304 2936 1
304 2938 1
304 2939 1
304 2940 1
304 2943 1
304 2944 1
304 2946 1
304 2947 1
304 2949 1
304 2951 1
304 2952 1
304 2953 1
304 2957 1
304 2958 1
304 2960 1
304 2962 1
304 2965 1
304 2967 1
304 2971 1
304 2972 1
304 2973 1
304 2975 1
304 2976 1
304 2978 1
304 2980 1
304 2981 1
304 2983 1
304 2984 1
304 2985 1
304 2988 1
304 2989 1
304 2991 1
304 2992 1
304 2995 1
304 2996 1
304 2997 1
304 2999 1
304 3000 1
305 1082 -84
305 1819 -65
306 1024 37
307 468 -22
307 1322 84
307 1331 -89
307 1357 75
307 1657 -57
307 2077 -14
308 972 31
308 1102 11
308 1736 1
309 1814 2
310 1736 1
311 1294 -83
311 1736 1
311 2254 -87
311 2354 -7
311 2536 20
311 2759 -39
312 1736 1
312 2096 -88
313 1692 21
313 1736 1
313 2027 -47
314 430 40
314 1097 -47
315 483 25
315 1203 66
315 1736 1
315 1974 7
315 2189 -51
316 395 49
316 526 57
316 2731 -37
317 452 -49
318 556 18
318 2817 49
319 708 78
319 1336 -58
319 1736 1
319 2165 15
319 2470 -69
320 744 51
320 1975 -85
320 2692 69
321 348 83
321 477 65
321 1664 77
321 1736 1
321 2110 -37
321 2705 -95
322 1736 1
322 1982 -28
322 1987 86
322 2216 70
322 2724 29
323 575 -61
323 1173 -49
323 1736 1
323 1834 27
323 2478 -41
323 2956 70
324 484 69
324 598 -54
324 2457 60
324 2828 91
325 1196 -35
325 1761 -81
325 2436 83
326 418 -55
326 445 -78
326 450 92
326 1736 1
327 2337 9
327 2351 -45
328 1091 72
328 1601 64
328 1736 1
328 2436 -37
328 2483 1
328 2917 79
329 1736 1
329 2739 -4
330 958 82
331 1736 1
331 2827 -49
332 785 12
332 965 -4
332 1286 -58
332 1736 1
333 1095 37
333 1736 1
333 2210 30
333 2562 58
335 619 -29
335 1736 1
335 2403 96
335 2408 -97
336 1371 -56
336 1785 -34
336 2433 80
337 359 -46
338 1476 15
338 2835 59
339 1829 28
339 2918 -18
340 433 77
340 1158 2
340 1736 1
340 1871 -41
340 2635 15
341 1034 66
341 1413 -51
341 1736 1
342 2363 7
343 552 -41
343 614 23
343 1302 -82
343 1492 -9
343 1736 1
344 1736 1
345 1555 -76
345 1620 44
345 1736 1
346 1699 53
346 1736 1
346 1798 35
346 1824 21
346 2341 -84
346 2481 58
347 546 -23
347 1736 1
347 2740 -62
349 1216 22
349 1736 1
349 2551 -92
350 472 -17
350 1332 54
350 1736 1
350 2296 80
351 1736 1
351 2168 -99
351 2406 -82
352 1324 37
353 356 67
353 1491 86
353 1681 -25
353 1736 1
354 442 -3
354 951 -35
354 1031 -2
354 1064 43
354 1145 -46
354 1322 83
354 1736 1
354 2042 -74
354 2328 84
355 1758 -48
356 1736 1
356 2303 88
357 454 18
357 1436 44
357 1736 1
358 1108 31
358 1155 -58
358 1736 1
359 2416 -28
359 2485 23
360 1412 97
360 1736 1
361 479 -81
361 758 3
361 1736 1
361 1986 -21
361 2400 -61
361 2459 -9
362 1736 1
362 2739 50
363 1400 75
363 1736 1
364 1736 1
364 2327 -71
364 2678 12
365 1432 33
366 1736 1
366 2264 90
367 1102 2
367 1290 -64
367 1736 1
367 1988 14
367 2939 -33
368 484 -28
368 1484 -59
368 1577 -4
368 2114 20
368 2372 24
369 1082 20
369 1736 1
369 2527 -76
369 2591 -53
369 2931 -46
370 832 -38
370 1158 56
371 1736 1
371 1839 -26
371 1929 98
371 2860 -13
372 911 56
372 1736 1
372 2017 -15
373 950 -51
373 1736 1
374 1961 -54
374 2765 -70
375 702 31
375 1736 1
375 1791 56
375 2806 -61
375 2859 99
376 1736 1
376 1962 -4
376 2156 14
377 1053 -44
377 1736 1
377 2670 -22
378 462 74
378 1194 -68
378 1736 1
378 2394 -19
378 2981 39
379 1736 1
379 2378 -46
380 812 72
380 1736 1
381 1736 1
381 2752 52
382 2073 -80
383 680 -50
383 1416 12
383 3000 -46
384 866 -35
384 1308 -76
384 1334 7
385 488 -25
385 904 -84
385 2803 -82
386 1148 80
386 1736 1
387 552 -47
388 622 42
388 1635 72
388 1736 1
389 1192 2
389 2416 -18
390 1680 -23
390 1736 1
390 1746 -44
390 2072 -36
391 1303 -37
391 1804 95
392 1414 9
392 1736 1
393 1285 53
393 1570 35
393 1736 1
393 2670 -32
393 2808 69
394 424 62
395 666 99
395 707 83
395 1736 1
395 1749 -58
395 2321 29
396 1211 13
396 1333 -66
396 1736 1
396 2818 -13
396 2866 18
397 587 28
397 1143 -49
397 1736 1
397 2077 21
397 2808 86
398 466 74
398 1282 7
398 1399 22
398 1736 1
398 2252 -5
398 2405 -44
398 2521 -89
399 1290 -23
399 1294 -31
399 1318 26
399 1396 9
399 1736 1
399 1860 -8
400 657 -47
400 1145 -42
400 1736 1
400 2118 95
400 2573 50
400 2593 -56
401 1176 73
401 1736 1
401 1835 72
402 1736 1
402 1868 -97
402 1895 -17
403 559 -88
403 1736 1
403 1790 81
403 1847 32
403 2666 -1
403 2856 62
404 1427 77
404 1736 1
404 2144 11
405 1736 1
405 1756 -24
406 1736 1
406 2043 -51
407 2549 24
408 1736 1
408 2058 -16
408 2715 -72
409 491 64
409 983 -48
409 1736 1
410 790 -22
410 1436 -46
410 1736 1
410 2183 -8
411 1736 1
412 1181 -6
412 1736 1
413 721 62
413 1202 53
413 1410 -70
413 1539 82
413 1736 1
413 2144 -56
413 2552 -36
414 764 -82
415 1736 1
416 796 42
416 2152 -93
417 956 -35
417 1736 1
418 1736 1
419 1203 51
419 1212 -95
419 1231 55
419 1736 1
419 2463 100
420 810 -35
420 1736 1
420 2758 37
421 2656 54
422 1736 1
422 2374 24
422 2835 -41
423 545 -2
423 1736 1
423 1813 90
423 2381 -57
423 2900 55
424 1929 33
424 2213 -41
424 2349 -3
424 2868 -40
425 1736 1
425 1827 2
426 2005 -5
426 2865 -19
427 1736 1
428 1734 -52
428 1736 1
429 2197 -76
430 534 -85
430 603 -15
430 1736 1
430 1870 42
430 2227 -26
430 2478 -40
431 1736 1
431 2849 48
432 2077 33
432 2258 32
433 1736 1
433 2729 36
433 2795 36
434 1736 1
435 1338 12
435 1736 1
436 1072 96
436 1344 -92
437 1391 27
437 1736 1
437 2210 19
437 2435 58
438 633 71
438 644 -25
438 1300 40
438 1736 1
438 2183 52
438 2504 -44
439 580 -28
439 1549 -67
439 1708 -37
439 1736 1
439 1766 90
439 1937 67
439 2312 -2
440 907 -76
440 1736 1
440 1927 6
440 1949 -75
440 2151 -4
441 573 -52
441 960 38
441 1736 1
442 550 60
442 2152 5
442 2488 -42
443 974 44
443 2670 54
444 1210 -13
445 1736 1
446 1488 9
446 1736 1
447 1736 1
448 716 -61
448 1700 5
450 684 -60
450 1713 95
450 1736 1
451 467 -5
451 1736 1
451 2862 64
451 2923 -58
451 2995 66
452 1736 1
452 2353 47
452 2355 20
452 2801 -54
453 1208 -16
453 1736 1
453 2034 75
453 2969 95
454 931 38
454 1736 1
455 620 -42
455 811 42
455 1273 48
455 1317 -14
455 1736 1
456 669 -68
456 806 29
456 1343 1
456 2687 -22
457 1736 1
457 2188 3
457 2779 -21
458 1125 26
458 1364 83
458 1736 1
458 2873 -65
459 1866 20
460 1736 1
460 2045 44
461 1353 -92
461 1605 -52
461 1736 1
461 1755 -37
461 2844 58
462 854 8
462 1736 1
463 494 -33
463 1736 1
463 2093 -35
464 1831 -76
465 689 -11
465 1736 1
465 2246 -90
465 2606 6
466 868 67
466 1736 1
466 1984 52
466 2912 48
467 875 -85
467 1012 -8
467 1099 -71
467 1145 40
467 1660 -84
467 1736 1
468 2018 -64
469 1633 -89
469 1736 1
469 1807 86
469 1812 -93
469 2047 -92
469 2408 -81
470 914 -45
470 1736 1
471 1220 29
471 1736 1
471 2263 66
471 2910 84
472 1736 1
473 540 56
473 1736 1
473 2411 97
473 2722 -4
474 886 -23
474 1650 -45
474 1736 1
475 1736 1
475 2853 3
476 1213 -86
476 2454 27
476 2877 -83
477 1717 -7
477 1736 1
477 1952 49
477 2025 -4
477 2046 -15
477 2261 -54
478 1736 1
478 2072 -65
479 554 94
479 630 -6
479 1076 5
479 1222 45
479 1736 1
479 2052 53
480 1736 1
480 1862 -10
480 2648 -16
481 498 85
481 1054 -42
481 1736 1
482 1736 1
482 2760 -1
483 1257 95
483 1414 -33
483 2069 71
485 1309 78
485 2213 -21
485 2619 -47
486 1306 3
486 1607 38
486 1736 1
486 2600 -20
487 754 -50
487 901 -54
487 1736 1
487 2948 -51
488 987 -26
488 1024 -61
488 1237 68
488 1734 -75
488 1736 1
488 2703 50
488 2869 -48
489 1311 46
489 1736 1
490 1736 1
490 2406 80
491 1503 -81
492 1736 1
492 2339 93
492 2360 -31
493 1706 -69
493 1736 1
494 541 -93
494 917 77
494 934 -92
494 1736 1
494 2150 25
495 1776 86
495 1854 45
495 2817 -15
496 784 79
496 1736 1
497 1201 28
497 1736 1
497 2041 77
498 1406 -42
498 1601 -58
498 1736 1
498 2579 68
499 1415 87
500 821 77
500 1117 -12
501 923 -62
501 1730 31
501 2049 11
502 1671 -97
502 1736 1
502 2002 93
502 2519 -100
503 1589 91
503 2673 46
504 1736 1
504 2425 14
505 1736 1
505 2363 96
505 2555 88
505 2834 -14
506 711 26
506 1050 -29
506 1290 -94
506 2851 29
507 2666 -76
508 621 -28
508 1736 1
508 2349 33
509 1736 1
509 2872 17
510 1736 1
510 2491 84
511 608 19
511 809 74
511 983 -89
511 1121 -24
511 1736 1
511 2199 75
511 2396 31
511 2852 23
512 1792 -30
513 1736 1
513 2388 -31
514 668 -48
514 1528 -30
514 1736 1
514 2284 22
514 2448 -88
514 2711 -84
515 1736 1
515 2237 -13
516 1653 -75
516 1736 1
517 928 46
518 1034 99
518 1326 85
518 1364 53
518 1736 1
518 1862 -86
518 2110 -26
518 2215 61
518 2401 -42
519 1412 -33
519 1736 1
520 563 -28
520 1287 -3
520 1391 -24
520 1736 1
521 796 19
522 1120 -45
522 1736 1
522 2330 77
522 2939 -4
523 1166 9
523 1736 1
524 1004 58
524 1682 -4
524 1736 1
524 2127 -46
524 2188 -70
525 882 -59
525 1736 1
525 2659 45
527 1424 -93
528 2038 -41
528 2676 -6
529 683 32
529 748 20
529 775 27
529 1736 1
529 2125 42
529 2388 8
529 2664 -41
530 762 -73
530 1736 1
530 1843 -88
530 2010 16
530 2928 -51
531 635 -10
532 1736 1
532 2388 92
532 2820 -31
533 1257 -20
533 1736 1
534 812 37
534 1736 1
534 1889 -24
534 2023 -54
535 1736 1
535 2743 64
535 3000 -44
536 829 45
536 1736 1
536 2549 -75
536 2615 73
537 1344 -81
537 1760 56
538 1071 3
538 1551 91
538 1736 1
538 2713 -87
539 933 90
539 1552 -1
540 1644 -56
540 1736 1
540 1871 -43
540 2135 61
541 1626 -78
541 1736 1
541 2060 -52
541 2399 -32
541 2517 46
542 1297 -71
542 1736 1
542 2455 49
542 2614 8
543 1353 81
543 1896 -93
543 1926 21
544 1416 11
544 1458 -77
544 1536 3
544 1736 1
545 1736 1
545 2789 -36
546 595 14
546 649 -79
546 1073 8
546 1736 1
546 2496 95
546 2711 64
547 1736 1
548 787 -98
548 1736 1
548 2322 -62
549 1356 -21
549 1736 1
549 1742 85
549 1965 12
549 2366 -46
549 2833 18
550 1736 1
550 2355 95
550 2790 -44
551 1398 91
551 1736 1
552 1313 -30
552 1581 -99
552 1736 1
552 1810 -58
552 2924 -77
553 1377 5
553 2008 -38
554 1113 72
554 1421 71
554 2026 35
554 2102 39
555 1736 1
555 2242 -84
555 2293 -84
555 2654 -58
555 2997 -96
556 2691 94
557 1403 -65
557 2991 -33
558 783 21
558 1521 -14
558 1736 1
558 1989 -94
559 594 13
559 1736 1
559 1750 -83
560 1231 -70
560 1736 1
561 563 -72
562 901 -68
562 1014 -82
562 1180 1
562 1736 1
562 1763 50
562 1989 -54
563 950 -97
563 1736 1
564 1272 2
564 1736 1
564 2359 -15
565 1027 -14
565 1612 57
565 1736 1
565 2398 -64
565 2520 98
566 1567 -69
566 1736 1
567 914 -18
567 1282 99
567 1736 1
567 2029 -80
567 2094 -57
567 2259 -17
568 1189 79
568 1736 1
568 2015 8
568 2870 7
569 640 -74
569 1597 -70
569 1736 1
569 1864 32
570 1307 -24
570 1839 63
570 2530 -67
571 1736 1
571 2369 86
571 2444 -69
571 2508 -31
571 2592 -3
572 2247 -92
573 1736 1
574 1736 1
574 1922 77
575 1140 -74
575 1736 1
575 2468 32
575 2641 40
576 620 81
576 737 -88
577 1410 -18
578 1736 1
578 2439 -66
578 2653 99
579 1736 1
579 2177 -20
579 2561 58
580 904 -19
580 1615 84
580 1736 1
582 1736 1
582 2786 -77
583 1944 68
583 2973 -25
584 1267 -30
584 2607 -13
585 1416 -2
586 708 72
586 1736 1
587 1736 1
588 1736 1
588 2062 100
589 2609 23
590 1773 18
591 1298 -33
591 1736 1
591 1886 -72
591 1948 -68
591 2100 -8
591 2295 58
592 692 73
592 1665 -73
592 1736 1
592 1750 -25
592 2332 -47
592 2559 -48
593 1089 61
593 1736 1
593 2239 28
594 791 -10
594 1736 1
594 2777 84
594 2876 -26
594 2943 25
595 1863 96
596 625 -23
596 2824 -58
597 2663 -93
599 652 -35
599 1736 1
599 2570 -22
600 1736 1
600 2200 87
600 2502 88
600 2992 -77
601 670 -65
601 1185 -2
601 1736 1
601 2389 53
601 2861 85
602 2080 -39
603 2746 64
604 1736 1
604 1921 -31
605 1727 -50
605 1736 1
606 1501 -2
606 1639 38
606 1736 1
607 2283 35
608 1178 -95
609 1355 -18
610 1736 1
610 2378 -37
610 2683 -15
611 786 -22
611 1209 -52
611 2049 78
611 2907 -60
612 1037 -64
612 1736 1
613 2960 23
614 863 18
615 882 15
615 1736 1
615 1858 2
615 2403 -51
615 2909 59
616 1736 1
616 1974 -94
616 2648 -80
617 1425 -49
617 1457 -22
617 2951 -28
618 1491 73
618 1736 1
618 2885 -35
619 909 -26
619 1254 -47
619 1736 1
619 2331 -18
619 2680 100
620 942 -98
620 1736 1
620 2599 -91
621 1261 29
621 1736 1
621 2230 -95
621 2284 -85
622 1018 -50
622 1504 -10
622 1531 -100
622 1736 1
622 2622 -11
623 855 -64
623 1736 1
624 1506 -73
624 1657 -25
624 2031 15
625 1301 -93
625 1543 15
626 1736 1
626 1816 19
626 2609 48
626 2996 -48
627 1736 1
627 2490 -94
627 2635 -86
628 2179 30
628 2741 37
629 1453 -94
629 1736 1
629 2545 6
632 694 -69
632 827 -11
632 1057 -32
632 1736 1
632 1772 82
632 2887 -12
632 2983 25
633 1018 -95
633 1736 1
633 2180 27
633 2278 92
634 1194 62
634 1736 1
635 1104 75
635 1736 1
635 2301 -43
636 1736 1
636 2561 -77
637 1192 -33
637 1662 -26
638 1736 1
638 1992 32
638 2490 53
638 2532 14
639 727 94
639 1736 1
640 1736 1
641 1649 -44
641 1736 1
641 1995 -27
641 2507 -72
641 2748 79
641 2933 -37
642 907 25
642 1483 86
642 1499 -83
642 1736 1
642 2202 65
643 2334 -68
643 2765 74
645 1052 -23
645 1408 -20
645 1736 1
645 2770 -4
646 1736 1
646 2069 -45
646 2498 45
646 2729 -11
647 685 -85
647 1736 1
648 930 -74
648 1736 1
648 2101 16
648 2369 18
649 1736 1
649 2983 47
650 1464 -37
651 1062 39
651 1736 1
652 1657 88
652 1736 1
652 1760 51
652 1892 -36
653 992 48
653 1736 1
653 2098 -85
654 2252 42
655 1235 12
655 1736 1
655 2251 -75
655 2742 79
655 2978 7
656 1074 -87
656 1515 87
656 1736 1
657 796 -70
657 1234 -27
657 1437 -24
657 1736 1
658 1310 -19
658 1736 1
658 2736 58
659 1240 -73
659 1731 63
659 1736 1
660 726 -14
660 820 98
660 901 74
660 1736 1
660 1906 89
660 1912 46
660 2970 -37
661 2002 44
661 2411 -58
662 1437 -80
662 1522 -23
662 1558 -30
662 1736 1
663 1081 48
664 1720 15
664 1736 1
664 1745 -82
664 2178 -87
665 2592 62
666 951 85
666 1035 -42
666 1736 1
667 2962 -24
668 996 34
668 1736 1
668 2945 -51
669 845 -73
669 1736 1
669 2924 -83
670 799 7
670 1564 -24
670 1736 1
672 995 6
673 1055 -53
673 1736 1
674 1119 -97
674 1175 27
674 1445 -83
674 1736 1
674 2121 -26
674 2383 10
674 2662 -44
675 1736 1
675 1826 -43
676 2345 78
676 2481 -15
677 732 94
677 1736 1
678 761 -41
678 2153 -20
678 2875 -37
679 855 48
679 959 -30
679 1736 1
679 2239 55
679 2682 -67
681 1226 38
681 1736 1
681 2751 -20
682 1736 1
682 2156 44
683 1045 93
683 1736 1
684 1736 1
684 1865 -7
684 2671 4
685 693 -66
685 1677 -69
685 1736 1
686 1229 -73
686 1593 53
686 1736 1
686 2767 38
686 2958 98
687 723 12
687 2802 22
688 792 26
688 1736 1
690 771 -42
690 1736 1
690 1823 12
690 2962 8
691 871 88
691 936 90
691 1270 -75
691 1736 1
692 791 7
692 1472 67
692 1736 1
692 1743 -16
692 2860 -54
693 1736 1
693 2617 90
695 1027 -93
695 1736 1
696 1674 -35
696 1736 1
697 1736 1
697 2825 -8
698 1604 -87
698 2227 4
698 2240 -76
698 2741 -70
698 2891 1
698 2972 53
699 1202 78
699 1529 -26
699 1736 1
699 2098 -46
699 2167 40
699 2412 67
699 2873 -30
699 2877 9
700 2357 67
700 2364 91
701 1736 1
701 2816 -73
702 1159 -95
702 1321 -6
702 1736 1
702 1979 -51
702 2046 64
703 1736 1
703 1891 54
703 2670 -1
704 1736 1
704 1839 -97
704 1852 82
704 2560 18
705 945 20
705 1736 1
705 1814 7
706 1142 50
706 1418 25
706 1736 1
706 1843 78
706 1860 70
706 2410 2
708 1736 1
709 759 97
709 1238 -74
709 1736 1
709 1818 45
709 2068 12
709 2550 48
710 934 -89
711 1736 1
712 1736 1
712 2535 -84
712 2668 54
713 1736 1
713 2098 76
714 1399 85
714 1552 -61
714 1736 1
714 2793 -98
715 1384 67
716 1736 1
716 2387 99
717 1039 3
717 1855 4
718 1736 1
718 1849 -24
718 2655 36
718 2917 -85
719 1027 -61
719 1222 -17
719 1440 49
719 1607 18
719 1736 1
719 2494 33
720 893 -5
720 1258 1
720 2059 -26
721 750 26
721 1736 1
721 1893 -68
721 2585 -80
722 2488 32
723 1736 1
723 1786 -50
724 957 3
724 1736 1
724 2970 -55
725 1296 50
725 1736 1
725 2700 -51
725 2767 99
725 2941 20
726 1290 -77
726 1368 -74
726 1504 57
726 1736 1
727 1405 93
727 1417 -98
727 1736 1
727 1839 -55
727 2948 63
728 1736 1
729 1448 6
730 790 -6
730 1736 1
731 1629 61
731 1736 1
731 2850 13
732 1736 1
732 1782 -80
732 2183 -72
732 2641 -25
733 913 -50
733 1739 87
733 2873 -66
734 1456 -58
734 1555 68
734 1736 1
734 2320 39
735 1512 94
735 1736 1
736 1606 -85
736 1736 1
736 1866 -42
736 2477 71
736 2525 -76
736 2611 -83
737 1451 44
737 2125 -30
737 2802 61
738 1736 1
738 2761 -26
739 1736 1
739 2417 -54
740 1680 20
741 1736 1
741 2970 93
742 1951 87
743 960 -18
744 1736 1
744 2727 74
745 1736 1
746 912 -21
746 1219 -62
746 2222 46
747 1682 44
747 1736 1
748 1736 1
749 926 40
749 1736 1
749 2066 21
749 2135 16
750 1025 49
750 1736 1
750 2496 42
751 753 -30
751 944 -73
751 1736 1
752 1555 -64
752 1736 1
752 2152 -44
753 1736 1
753 1921 94
753 2886 43
754 1736 1
754 2311 -72
755 1575 68
756 1425 -50
757 880 88
758 1697 27
758 1744 -66
758 2420 -63
758 2893 30
759 2208 -14
760 1736 1
760 2042 -46
760 2474 -45
760 2735 89
761 1070 14
762 1363 -5
762 1736 1
762 1753 100
762 1918 18
762 1983 6
763 853 -49
763 1736 1
764 1234 -93
765 1350 -81
765 1688 4
765 1736 1
765 2079 -25
765 2167 -41
767 1002 -78
767 1670 -81
767 1736 1
767 1802 -86
767 2490 -59
767 2645 99
768 1133 32
769 814 77
769 897 19
769 1232 69
769 1546 -8
769 1736 1
769 1778 78
770 1736 1
770 2479 -47
771 1736 1
772 1406 -26
772 1736 1
773 1019 -58
773 1736 1
773 2211 -42
774 1736 1
774 2734 98
775 877 92
775 1112 -38
775 1736 1
776 1736 1
776 2495 -68
776 2738 45
777 1066 51
777 1736 1
777 2548 51
778 1736 1
779 910 10
780 930 -91
780 2511 -2
781 1736 1
781 1745 -26
781 2454 91
781 2473 44
782 1766 -94
782 2039 -96
783 1669 -22
783 1736 1
783 2571 -71
783 2642 21
784 1332 87
784 1736 1
784 1812 -81
784 2515 39
785 1387 88
785 1678 -78
785 1736 1
785 1976 97
785 2538 -79
786 1130 35
786 1736 1
787 2806 93
788 952 -16
788 1736 1
788 2573 77
790 830 77
790 1736 1
790 2569 -24
791 1736 1
792 1400 77
792 1736 1
792 2126 96
793 1819 72
794 888 70
794 948 1
794 995 -32
794 1183 -34
794 1559 -33
794 1736 1
794 1954 -87
794 2326 -73
795 1968 58
795 2855 72
796 1336 5
796 1736 1
796 1960 27
796 2411 -16
796 2499 -74
797 1736 1
797 2592 -97
798 1238 74
798 1736 1
799 1493 -33
799 1736 1
799 2756 66
800 1221 63
800 1353 8
800 1736 1
801 1736 1
801 2992 -84
802 1736 1
802 2783 76
803 1736 1
803 1757 -86
803 2476 -47
803 2506 44
804 1507 -17
804 1660 -40
804 1736 1
805 2506 -5
806 1327 21
807 1987 74
808 1736 1
808 1911 69
809 1174 -27
809 1736 1
810 1135 93
810 1264 47
810 1383 -74
810 1736 1
811 2732 74
812 1006 -73
812 1077 -1
812 1503 -55
812 1693 -70
812 1736 1
812 1836 86
812 2678 -92
812 2914 -26
813 1683 75
813 1735 -11
813 1736 1
813 2973 -90
814 909 -36
814 957 78
814 998 59
814 1736 1
814 1770 70
814 2327 24
815 1335 -61
815 1736 1
815 2224 16
815 2408 -72
815 2794 13
815 2820 -25
816 1469 33
816 1736 1
817 1736 1
817 2100 -98
817 2919 -82
817 2986 -44
818 2019 -36
819 1092 19
819 2262 -34
820 1473 -50
820 1736 1
821 1366 80
821 1456 -45
821 1736 1
822 1228 -38
822 1736 1
823 1736 1
824 1731 -82
824 1736 1
825 834 -92
826 1736 1
826 2745 -42
826 2760 -61
826 2855 -99
827 852 84
827 1147 -61
827 1736 1
827 2323 32
828 1736 1
829 1021 45
829 1395 30
829 1702 48
829 1736 1
829 2376 -13
829 3000 98
830 1736 1
830 1780 45
831 908 83
831 1166 64
831 1736 1
831 2846 -85
832 1736 1
832 2369 -75
833 1579 -65
833 1736 1
834 1911 40
835 1736 1
835 2826 -35
836 1707 -6
836 1736 1
836 2702 12
837 1168 -5
837 1736 1
838 979 35
838 2283 76
838 2905 -73
840 1664 -63
840 1839 87
840 2440 -87
841 905 82
841 1736 1
841 2498 59
842 1310 -18
842 1736 1
843 1398 30
843 1736 1
843 2619 91
844 1225 36
844 1736 1
845 1389 -49
845 1736 1
846 2670 -42
847 1691 66
847 1736 1
847 2811 91
847 2915 -95
848 1736 1
848 2082 -98
848 2349 79
848 2577 42
849 1310 15
849 1736 1
849 2994 -54
850 860 -16
850 2131 15
851 912 51
851 1736 1
851 2344 -12
851 2800 69
851 2908 86
852 1730 88
852 1736 1
853 1736 1
853 1787 -37
854 927 31
854 1736 1
854 1807 -78
855 1736 1
855 2322 -19
856 1590 -68
856 1736 1
857 1736 1
857 2552 4
858 981 44
858 1736 1
858 1916 -15
858 2129 -18
859 1736 1
859 1862 -100
859 2430 -53
860 2843 3
860 2925 -37
861 1736 1
861 1839 -40
861 2614 26
862 2104 44
862 2677 65
863 2262 -36
863 2782 -77
863 2807 52
864 1072 65
864 1431 -19
864 2237 -79
865 2424 55
867 1881 -48
868 1736 1
869 983 45
869 1481 21
869 1736 1
869 2025 -81
870 1736 1
870 2309 18
870 2379 -92
870 2434 -37
871 1243 14
871 1736 1
871 1941 19
871 2252 70
871 2325 -82
872 1255 10
872 1476 -42
872 1736 1
872 2553 -38
873 1736 1
873 2100 -1
874 1454 -55
875 1997 -32
876 1157 97
876 1415 38
876 1736 1
876 1923 -8
877 1051 12
877 1168 79
877 1736 1
877 2500 -39
877 2988 -44
878 1190 89
879 973 35
879 1551 -9
879 1736 1
880 1209 75
880 1736 1
880 1934 -26
880 2357 75
880 2665 91
881 2248 48
882 1736 1
883 1736 1
883 2853 68
884 1197 72
884 1351 39
884 1725 65
884 1736 1
884 2255 17
885 956 48
885 1108 -4
885 1736 1
885 2122 -27
886 1167 57
886 1736 1
887 1082 3
887 1083 11
887 1736 1
887 2004 52
888 960 -71
888 1736 1
888 2326 -63
888 2642 -42
888 2841 56
889 1736 1
889 2487 -67
890 2869 -71
890 2921 22
891 2174 -49
891 2266 -100
892 2159 -76
892 2212 91
892 2996 31
894 932 -54
894 1736 1
894 1977 -25
894 2616 32
895 1736 1
895 1935 -33
896 1554 59
896 1917 -15
896 2249 1
897 1727 62
898 1597 -98
899 2273 -99
899 2565 24
899 2807 59
900 1736 1
900 2227 -2
900 2440 61
900 2975 -72
901 1419 31
901 1636 55
901 1736 1
901 2185 80
901 2312 79
902 1736 1
902 2187 95
902 2551 -71
903 1431 -47
903 1499 45
903 1736 1
903 2778 90
904 1736 1
905 1093 -60
905 1523 -34
905 1736 1
906 980 59
906 1706 25
906 1736 1
906 2028 95
907 1054 -62
907 1117 74
908 1736 1
908 2203 82
909 1249 32
909 1736 1
910 1736 1
910 2095 36
910 2434 12
910 2801 7
910 2982 -75
911 1736 1
912 924 51
912 1401 -26
912 1492 -98
912 1588 45
912 1736 1
912 1830 -16
913 1540 48
913 1665 -29
913 1736 1
914 1310 -53
914 1736 1
915 1736 1
915 2104 81
915 2467 -51
915 2848 -71
916 1951 7
916 2075 19
917 1189 -55
917 1736 1
917 2149 67
918 1433 -82
918 1522 -51
918 1657 84
919 1736 1
919 2112 53
919 2416 57
919 2968 -39
920 2516 -96
921 2083 -75
921 2958 25
922 1185 4
922 1657 -45
922 2056 44
923 1294 10
924 1517 97
924 1698 -80
924 2604 -14
925 2877 88
926 1591 81
926 1736 1
927 1736 1
928 1736 1
928 2384 -37
928 2738 -41
929 1212 81
929 1736 1
930 1736 1
930 2404 65
931 1537 46
931 1736 1
931 1872 -84
932 979 -68
932 1736 1
932 2543 56
933 1083 -10
933 1433 -90
933 1736 1
933 2079 63
934 1736 1
934 2318 -50
934 2504 55
935 1077 -19
935 1724 72
935 1736 1
935 2956 15
936 1736 1
936 2611 -22
936 2674 2
938 1846 -60
938 1970 85
939 2078 -22
940 1736 1
940 2746 -88
941 1636 -68
941 1661 88
941 2363 63
943 1736 1
943 2496 -24
944 1394 4
944 1583 -55
944 1673 61
944 1736 1
945 2803 -12
946 1052 42
946 1736 1
947 2615 87
947 2731 -58
949 1892 46
949 1974 -65
950 1008 -24
950 1034 89
950 1736 1
950 1776 87
950 1849 -49
950 2605 -76
951 1316 16
951 1736 1
951 2908 55
952 1087 15
952 1736 1
953 2106 52
953 2922 9
954 1054 -3
954 1487 3
955 1924 53
956 1736 1
956 2574 -39
957 1635 -82
957 1736 1
957 2855 80
958 1133 -63
959 993 -93
959 1276 -5
959 1284 -68
959 1736 1
960 1736 1
961 1736 1
961 2291 -7
963 1736 1
963 2251 -53
964 1477 49
964 1736 1
964 2878 75
965 1736 1
965 1800 82
965 1864 17
966 1736 1
966 2598 -2
966 2705 84
967 1289 46
968 1736 1
968 1820 -76
968 1966 91
968 2157 -28
969 1736 1
970 1294 49
971 2797 26
972 1583 -48
972 1736 1
972 2934 26
973 1242 21
973 1736 1
973 2779 22
974 1736 1
974 2374 -61
974 2499 -79
974 2502 -13
974 2809 27
975 1313 -93
975 1736 1
975 2164 -62
976 1591 81
976 1736 1
976 2233 50
976 2739 -75
977 1736 1
977 1873 -46
978 2779 67
979 1615 38
980 1736 1
980 2157 63
980 2963 -50
981 1736 1
982 1094 -13
982 1736 1
982 2356 -79
983 1054 64
983 1216 69
983 1736 1
983 2301 -5
983 2525 -31
983 2653 -58
984 1736 1
984 2927 -3
985 1736 1
985 1746 -22
985 2430 -20
985 2824 -52
986 2764 -28
987 1736 1
988 1046 74
988 1736 1
988 1750 96
988 1986 -94
988 2295 23
988 2546 -41
990 1264 36
990 2203 -54
991 1736 1
991 2489 -16
991 2849 22
992 2607 48
993 1061 -5
994 1736 1
994 1761 9
994 1771 20
994 2433 -66
996 1736 1
996 2402 81
997 2576 56
998 1454 1
998 1466 49
998 1805 89
999 1285 23
999 1736 1
999 2923 -58
1000 1356 64
1000 1736 1
1001 1736 1
1001 1890 -96
1001 2890 51
1002 1736 1
1002 2283 44
1003 1230 34
1003 1736 1
1004 1736 1
1004 2440 -56
1005 1586 -4
1005 1631 -25
1005 1736 1
1005 2703 80
1006 1736 1
1007 1635 30
1007 1736 1
1007 1761 -61
1007 2490 -86
1008 1736 1
1008 1929 80
1009 1526 -95
1009 1736 1
1009 1952 50
1009 2993 -13
1010 1022 -53
1010 1645 -84
1010 2933 -79
1011 1530 10
1011 2660 -62
1012 1275 24
1012 2037 38
1012 2672 57
1013 1736 1
1013 1865 3
1013 2221 -2
1013 2962 -20
1014 1596 12
1014 1736 1
1014 2322 -27
1015 1582 -2
1015 1736 1
1015 2003 -83
1016 1570 2
1017 1079 -75
1017 1168 -5
1017 1736 1
1017 2459 -45
1018 1736 1
1019 1736 1
1019 2320 -6
1020 2826 44
1020 2839 40
1021 1736 1
1021 2560 72
1023 1736 1
1023 2326 9
1024 1736 1
1024 1745 -43
1026 1478 -1
1027 1335 -18
1027 1338 44
1027 1736 1
1027 2610 -30
1028 1455 53
1028 1926 -7
1029 1541 -51
1029 1600 -22
1029 1736 1
1029 2370 -99
1029 2868 68
1030 1736 1
1030 2169 1
1031 2838 -61
1032 1736 1
1033 1041 50
1033 1736 1
1033 1766 76
1033 2035 61
1033 2074 46
1033 2303 20
1034 1179 23
1034 1736 1
1035 1736 1
1035 1811 23
1036 1931 -31
1036 2017 -1
1037 1736 1
1038 1111 76
1038 1736 1
1038 2875 47
1039 1285 67
1039 1459 -80
1039 1736 1
1040 1629 60
1040 1736 1
1040 2041 90
1041 1653 -37
1041 1736 1
1042 1424 -7
1042 1458 -97
1042 1736 1
1042 1771 -29
1042 2975 28
1043 1383 -31
1043 1736 1
1043 2491 62
1044 1736 1
1044 1956 93
1044 2596 -16
1045 1336 21
1045 1736 1
1046 1131 -89
1046 1736 1
1047 1254 98
1047 1548 27
1047 1736 1
1047 2409 26
1048 1607 23
1048 1736 1
1049 1736 1
1049 2472 54
1049 2835 68
1052 1093 37
1052 1736 1
1052 1865 -58
1052 1953 63
1052 2068 -54
1053 1736 1
1054 1736 1
1054 2182 -29
1055 1736 1
1055 2701 -37
1056 1736 1
1057 1213 -88
1057 1736 1
1057 2166 -36
1057 2415 -12
1058 2399 -96
1059 1330 -95
1059 1736 1
1059 2443 -77
1060 2636 82
1062 1410 -12
1063 1736 1
1063 2789 23
1064 1736 1
1064 2468 33
1064 2622 -16
1065 1571 89
1065 2525 24
1066 1442 -19
1067 1762 -21
1068 1714 2
1068 1736 1
1068 2721 5
1069 1180 27
1070 2599 -89
1071 1736 1
1072 2171 20
1074 1736 1
1074 1864 -79
1074 2349 67
1075 1327 36
1075 1736 1
1075 1766 93
1075 2072 -36
1077 1736 1
1077 2152 55
1077 2157 74
1078 1527 -47
1078 1736 1
1078 1969 36
1078 2573 29
1079 1263 -100
1079 1468 25
1079 2386 -69
1080 1163 21
1080 1736 1
1080 1778 70
1080 1845 20
1080 2518 -4
1081 1422 27
1081 1635 -68
1082 2498 -3
1082 2516 26
1083 1736 1
1083 1762 -63
1084 1165 -7
1084 1533 50
1084 2191 -2
1084 2305 1
1085 1736 1
1085 2305 57
1086 2800 -5
1087 1736 1
1087 2299 25
1087 2596 37
1087 2751 -69
1088 1478 26
1088 1736 1
1088 2361 -2
1088 2964 -26
1089 1534 91
1089 1736 1
1090 1736 1
1090 2044 56
1090 2191 76
1091 1736 1
1092 1675 23
1093 1537 -26
1093 1736 1
1093 2098 65
1094 1736 1
1094 2490 -89
1095 1563 -93
1096 2310 -88
1098 1690 -21
1099 1127 -34
1099 1736 1
1100 1182 87
1100 1231 63
1100 1736 1
1101 2564 -73
1102 1736 1
1102 1764 -53
1102 1827 38
1102 1861 6
1103 1736 1
1103 2685 51
1103 2853 -61
1104 1691 11
1104 1731 66
1104 1736 1
1104 2368 61
1104 2690 13
1105 1626 66
1106 1736 1
1106 1935 42
1107 1736 1
1107 2046 62
1107 2856 -12
1108 1736 1
1109 1425 -48
1109 2870 -26
1110 1496 -30
1110 1736 1
1110 2529 -54
1111 1545 83
1111 1734 -44
1111 1736 1
1112 1736 1
1114 1593 -51
1114 1736 1
1114 1924 -86
1114 2110 35
1115 1119 100
1115 2549 12
1116 1736 1
1116 2087 -13
1117 2055 -36
1118 1694 28
1119 1456 -1
1119 1736 1
1119 1853 37
1119 2425 -50
1119 2572 51
1119 3000 98
1120 1448 64
1120 1736 1
1121 1237 15
1121 1736 1
1121 1753 -23
1121 2120 -20
1121 2310 -1
1121 2960 91
1122 1838 -50
1122 2261 47
1123 1237 19
1123 1543 28
1123 1736 1
1123 1975 -61
1123 2059 2
1123 2305 8
1124 1736 1
1124 1781 96
1125 1736 1
1125 2396 78
1125 2475 70
1126 1736 1
1126 2723 64
1127 1150 -98
1127 1278 15
1127 1736 1
1127 1803 40
1127 2294 25
1129 1736 1
1130 1736 1
1130 1780 -17
1130 1871 66
1130 2268 -89
1131 1212 -64
1131 1736 1
1131 1770 -93
1131 2583 -58
1132 1222 43
1132 1736 1
1132 2144 -34
1132 2878 -54
1133 1394 23
1133 1447 7
1133 1736 1
1133 1784 88
1133 2619 5
1133 2790 53
1133 2950 -79
1134 1736 1
1134 2057 -6
1134 2128 -10
1134 2743 -97
1135 1334 52
1135 1736 1
1136 1736 1
1136 1792 4
1136 2247 75
1136 2545 -68
1136 2740 -28
1137 1632 -23
1137 1736 1
1137 2365 77
1138 2148 -15
1139 2640 -94
1139 2896 100
1140 1210 -100
1140 1609 -2
1140 1736 1
1140 1800 -60
1141 1736 1
1141 2359 15
1142 1736 1
1142 2618 -77
1143 1341 -44
1143 1582 -29
1143 1736 1
1143 1966 64
1143 2507 -66
1143 2687 67
1144 1330 -77
1144 1736 1
1145 1736 1
1145 2454 3
1145 2683 -16
1146 1394 -17
1146 1736 1
1146 1930 75
1147 1175 46
1147 1736 1
1147 2264 15
1148 1736 1
1148 2280 -38
1148 2293 -43
1148 2926 -89
1149 2876 -34
1150 1736 1
1150 1834 35
1150 2105 91
1150 2331 83
1150 2619 -25
1150 2702 -9
1150 2967 -87
1151 1422 10
1151 1728 -19
1151 1801 72
1151 2124 -21
1152 1324 -92
1152 2995 51
1153 1323 -27
1153 1488 64
1153 1736 1
1153 1888 -40
1153 1917 -76
1153 1978 48
1153 2738 92
1154 1653 26
1154 1736 1
1155 1736 1
1155 2753 -41
1156 1736 1
1156 1787 11
1156 1961 -55
1157 1736 1
1159 1609 -2
1159 1704 25
1159 1736 1
1159 2940 -25
1160 2518 -9
1161 1455 -90
1161 1736 1
1161 1955 67
1162 1736 1
1162 2180 -21
1163 1736 1
1163 2483 -81
1164 1287 21
1165 1982 38
1165 2568 -96
1165 2625 -52
1166 1736 1
1166 2790 50
1166 2863 31
1167 1736 1
1167 2547 -25
1168 1347 49
1168 1361 -16
1168 1736 1
1169 2810 73
1170 1736 1
1170 2148 35
1170 2381 85
1171 1184 20
1171 1736 1
1172 1736 1
1172 2232 100
1173 2485 -11
1174 1736 1
1175 1526 -28
1175 1736 1
1175 2417 -89
1175 2429 -63
1176 1736 1
1176 2470 9
1177 1178 24
1177 1441 -15
1177 1736 1
1177 2165 50
1178 1286 82
1178 1391 -9
1178 1736 1
1179 1736 1
1179 2823 68
1181 1736 1
1182 1736 1
1182 1846 -37
1182 1892 -60
1183 1736 1
1183 2380 -31
1183 2985 -90
1184 1736 1
1184 2675 56
1185 1736 1
1186 1377 29
1186 2257 48
1187 1513 -37
1187 1736 1
1187 2758 55
1188 1291 -96
1188 1736 1
1189 1736 1
1190 2086 55
1190 2090 -86
1190 2217 -47
1190 2284 10
1191 1736 1
1191 1873 -60
1193 2486 -10
1194 1736 1
1195 1679 73
1195 1686 -89
1195 1736 1
1196 1574 -17
1196 1736 1
1196 2751 -52
1197 1656 -83
1197 1736 1
1197 1761 -31
1197 2173 -61
1198 1736 1
1198 2070 85
1199 1502 10
1199 1736 1
1199 2077 -57
1200 2252 -69
1200 2256 -49
1201 1606 31
1201 1736 1
1202 1736 1
1202 1802 -30
1203 1366 32
1203 1736 1
1203 2114 -37
1204 1736 1
1205 1736 1
1205 2672 -23
1206 1226 58
1206 1557 93
1206 1736 1
1207 1399 81
1207 1736 1
1208 1658 62
1208 1736 1
1208 1943 -1
1208 2393 -68
1208 2955 61
1209 1736 1
1209 2242 55
1209 2246 53
1209 2885 2
1210 1736 1
1210 2092 100
1211 1736 1
1211 2839 87
1212 1736 1
1212 2076 -94
1213 1736 1
1213 2336 84
1214 1736 1
1214 1966 49
1215 1777 -13
1215 1932 -58
1216 2063 45
1217 1508 32
1218 2011 36
1218 2141 58
1219 1736 1
1219 2074 -100
1222 1736 1
1222 1952 97
1222 2727 -32
1223 2223 64
1224 1381 72
1224 1736 1
1224 2553 -16
1225 1736 1
1225 1763 -91
1226 1736 1
1226 1774 -91
1227 1366 -16
1228 1595 3
1228 1736 1
1229 1489 46
1229 1736 1
1229 2154 -49
1230 1736 1
1230 2028 20
1230 2178 27
1230 2993 -60
1231 1367 11
1231 1736 1
1231 1914 -41
1231 1947 69
1231 2684 58
1232 1287 96
1232 1736 1
1232 2322 44
1233 1320 -72
1233 1736 1
1233 2118 -63
1233 2247 -66
1233 2656 6
1235 1277 -61
1235 1736 1
1235 2184 -18
1235 2194 -6
1235 2997 53
1236 2262 -18
1237 1634 35
1237 1736 1
1237 2470 -35
1237 2959 -78
1238 1646 -48
1238 1736 1
1238 2759 -27
1239 1623 -35
1239 1918 -63
1240 1736 1
1241 1737 -94
1242 1620 -36
1242 2881 -53
1244 2377 44
1244 2562 85
1245 1397 -3
1246 1736 1
1246 1947 -27
1246 2391 -35
1246 2603 -53
1247 1736 1
1247 2084 66
1248 2326 -49
1250 2281 98
1251 1736 1
1251 2631 -12
1252 1736 1
1252 2958 19
1253 1736 1
1253 2414 -89
1253 2511 -7
1253 2839 25
1254 1736 1
1254 2033 10
1254 2235 -78
1255 1736 1
1255 2012 -60
1255 2827 26
1256 1308 65
1256 1736 1
1256 2055 -21
1256 2698 -71
1257 1736 1
1257 1862 39
1259 1430 -62
1260 1417 -51
1260 1736 1
1261 1736 1
1261 2592 -10
1262 1736 1
1264 1736 1
1265 1469 -5
1265 1587 91
1265 2085 -69
1266 1345 16
1266 2205 -32
1267 1458 76
1267 1736 1
1268 1326 -15
1268 1354 25
1268 1372 -46
1268 2467 -8
1269 1736 1
1269 2540 -27
1269 2564 50
1270 1736 1
1270 2276 -73
1271 1459 3
1271 1579 -76
1271 2638 15
1272 1640 4
1272 1762 -40
1273 1736 1
1274 1736 1
1274 2267 11
1275 1736 1
1275 2414 -28
1275 2612 -11
1275 2639 88
1277 1288 -61
1277 1736 1
1277 2763 -28
1277 2879 82
1279 1509 -40
1279 1736 1
1279 2065 -23
1279 2150 -97
1279 2473 33
1279 2687 40
1279 2731 -65
1279 2996 -52
1280 1736 1
1280 2013 -66
1281 1642 46
1281 1736 1
1281 2709 -82
1281 2812 5
1282 1615 -15
1282 1736 1
1282 1999 59
1283 1469 56
1283 2506 -87
1285 1646 -8
1285 1736 1
1285 1950 -48
1285 2078 -93
1285 2563 68
1286 1588 -5
1286 1736 1
1286 2194 86
1287 1736 1
1288 1409 8
1288 1736 1
1288 2149 49
1288 2437 -97
1290 1736 1
1290 1833 32
1291 1736 1
1293 2023 -12
1294 1736 1
1295 1391 37
1295 1736 1
1295 2809 -8
1295 2872 -70
1295 2952 -40
1296 1736 1
1297 1736 1
1299 2925 8
1300 1736 1
1300 2961 -5
1302 1736 1
1304 1736 1
1305 1736 1
1305 2316 -72
1306 1736 1
1306 2450 -42
1306 2906 46
1306 2976 22
1307 2380 23
1310 1736 1
1310 1955 -51
1311 1736 1
1311 2290 90
1312 2017 58
1313 1735 5
1313 1736 1
1314 1736 1
1314 1754 -76
1315 1736 1
1315 2369 14
1316 1736 1
1316 2010 39
1316 2125 -7
1317 2302 -34
1318 1736 1
1318 2603 -67
1319 1736 1
1319 2621 31
1321 1736 1
1321 2088 -24
1321 2850 90
1322 1384 19
1322 1736 1
1323 1736 1
1323 2022 -57
1323 2833 -89
1324 1966 -20
1324 1980 86
1325 1339 -99
1325 1736 1
1327 1736 1
1327 2231 -32
1327 2390 19
1327 2410 -75
1328 1736 1
1328 1817 34
1329 1736 1
1330 1736 1
1330 1927 78
1330 2740 26
1332 1736 1
1332 1922 -14
1332 2839 97
1333 1736 1
1333 2184 54
1333 2346 70
1335 1736 1
1335 2220 64
1335 2757 -16
1335 2764 25
1336 1736 1
1337 2324 -1
1338 1736 1
1338 2315 84
1338 2842 69
1339 1510 88
1339 1736 1
1339 2049 -71
1339 2490 -97
1340 1504 -89
1340 2057 75
1341 1736 1
1341 1904 8
1341 2126 92
1341 2663 60
1345 1499 -79
1345 1736 1
1346 1736 1
1346 2720 -93
1346 2954 64
1347 1380 -8
1347 1736 1
1347 2818 -76
1348 1736 1
1348 2986 17
1349 1546 -99
1349 1736 1
1350 1736 1
1350 1786 52
1350 2313 -41
1350 2847 61
1351 1736 1
1351 2483 30
1351 2835 88
1352 1736 1
1352 2266 -53
1352 2985 44
1353 1736 1
1353 2893 -8
1354 2680 -94
1354 2695 -33
1354 2735 -81
1354 2815 17
1354 2820 53
1355 1561 -22
1355 1951 -49
1355 2072 -39
1355 2763 -96
1356 1567 -87
1356 1736 1
1356 2416 -53
1356 2651 -92
1357 1736 1
1357 2110 -35
1357 2671 67
1358 1477 -58
1358 2140 -8
1358 2265 53
1358 2779 3
1359 1661 -85
1360 1736 1
1360 2611 89
1361 1736 1
1361 2019 38
1361 2548 67
1362 1532 48
1362 2007 -66
1362 2135 89
1363 1736 1
1364 1736 1
1364 2375 14
1365 1736 1
1366 1700 63
1366 1736 1
1366 1835 100
1366 2135 57
1366 2761 7
1366 2827 53
1366 2837 -65
1367 1736 1
1367 2157 72
1368 1736 1
1369 1992 58
1370 1726 -68
1370 1736 1
1371 2175 58
1371 2696 61
1372 1489 -88
1372 1736 1
1372 1943 -98
1372 2619 -98
1373 1541 -73
1373 1736 1
1373 1740 65
1373 2232 -83
1373 2572 36
1374 1589 37
1374 2481 -27
1374 2610 45
1375 1459 23
1375 2549 -33
1376 1555 26
1376 2261 1
1376 2902 37
1377 1614 46
1378 1520 -3
1378 1736 1
1378 1920 -53
1378 2758 92
1379 1625 86
1380 1702 -90
1380 1736 1
1380 2830 -2
1381 1736 1
1382 1736 1
1383 1736 1
1383 2234 89
1383 2293 -59
1384 1821 -81
1385 1736 1
1385 1934 -1
1385 2734 55
1386 1402 -44
1386 1736 1
1386 2035 -16
1387 1390 -82
1387 1593 -67
1387 1736 1
1388 2531 -75
1388 2928 34
1389 1736 1
1389 1791 64
1389 2299 42
1389 2531 -42
1389 2866 -15
1390 1736 1
1391 1736 1
1392 1629 36
1392 1736 1
1392 2080 -63
1392 2714 -58
1393 1533 -89
1394 1736 1
1395 1879 72
1397 1405 -96
1397 2029 29
1398 1736 1
1398 1775 -31
1398 2812 82
1399 1736 1
1399 2206 -45
1400 1736 1
1401 1736 1
1401 2215 100
1402 2325 94
1403 2718 55
1404 2407 -1
1406 1736 1
1406 2897 -40
1407 1736 1
1407 1930 34
1408 1736 1
1408 1849 -7
1408 2168 -90
1409 1736 1
1409 2336 -87
1410 1655 87
1410 2618 -97
1411 1736 1
1411 1768 61
1411 2690 75
1412 1736 1
1412 2114 41
1412 2270 52
1413 1736 1
1413 1948 70
1414 1736 1
1414 2167 -94
1415 1736 1
1415 1778 -51
1416 1553 64
1416 1736 1
1416 2495 -4
1417 1686 -54
1417 1736 1
1418 1736 1
1418 2621 27
1420 1736 1
1420 2181 -9
1420 2940 -14
1423 1736 1
1423 1917 -12
1423 2194 -42
1423 2603 -99
1425 1687 64
1425 1736 1
1425 1874 91
1425 2313 -81
1425 2447 6
1425 2721 -85
1425 2853 31
1426 1736 1
1426 2735 78
1426 2972 -59
1427 1736 1
1427 2319 17
1427 2629 55
1428 1548 -56
1429 1736 1
1430 1915 36
1431 1807 -26
1431 2417 30
1432 1466 -83
1433 2843 -36
1434 1560 -37
1435 1736 1
1437 1736 1
1437 1808 2
1437 2991 71
1438 1736 1
1438 2702 3
1439 1736 1
1439 2631 -88
1440 1678 21
1440 1736 1
1440 2087 -3
1440 2131 -80
1440 2742 88
1442 2078 -76
1443 1736 1
1443 2211 -84
1444 2930 -56
1444 2935 -8
1446 1736 1
1446 2110 85
1446 2700 60
1447 1736 1
1447 2628 -76
1448 1736 1
1448 2344 -28
1449 2341 82
1450 1645 87
1450 1736 1
1450 2082 -33
1451 1848 -83
1451 2503 70
1452 1736 1
1452 2789 43
1453 1736 1
1455 1736 1
1456 1736 1
1457 2456 -67
1457 2795 95
1458 1736 1
1459 2127 15
1460 2157 90
1461 1736 1
1461 2839 25
1462 1526 -50
1462 1719 -42
1462 1736 1
1462 1944 77
1462 2477 -90
1463 1736 1
1463 2669 -100
1464 1774 41
1464 2992 56
1467 1736 1
1467 2351 88
1467 2772 -82
1467 2912 -46
1468 2099 25
1468 2440 -32
1469 1736 1
1469 2177 -21
1470 1736 1
1470 2340 1
1471 2286 92
1472 1871 -95
1473 1736 1
1473 2610 -15
1474 1903 -71
1476 1736 1
1476 2843 62
1477 2297 -5
1477 2794 -74
1478 1621 36
1478 2619 -3
1479 1736 1
1479 2117 77
1480 1736 1
1482 1736 1
1483 1565 48
1485 2821 -68
1486 1656 81
1486 1736 1
1488 1614 11
1488 1736 1
1488 2750 55
1489 1646 -95
1489 1736 1
1489 2528 -43
1489 2711 -75
1489 2801 -63
1490 1504 -11
1490 1990 -17
1491 1736 1
1492 1561 9
1492 1736 1
1492 1895 -69
1492 2810 -35
1493 1736 1
1493 1966 69
1494 1736 1
1494 2150 15
1494 2558 -42
1495 1736 1
1495 1770 83
1495 2690 86
1496 1736 1
1496 2863 58
1498 1524 -100
1499 1731 -78
1499 1736 1
1500 1736 1
1500 2551 -84
1500 2632 10
1501 1736 1
1501 2931 -73
1502 1736 1
1502 2631 62
1502 2848 -8
1503 1736 1
1503 1833 -21
1503 1882 85
1503 2083 -94
1504 1736 1
1505 2045 31
1506 2036 -7
1507 1736 1
1508 1736 1
1508 2697 61
1509 1736 1
1509 2238 -34
1509 2458 -38
1509 2590 25
1509 2867 -62
1510 1736 1
1510 1800 -12
1510 2157 13
1510 2382 -84
1511 1736 1
1512 1736 1
1512 2176 -82
1512 2525 12
1513 1736 1
1513 2342 42
1513 2772 27
1514 1621 80
1514 1936 -18
1514 2375 58
1514 2386 61
1514 2764 45
1515 2891 -36
1516 1727 69
1516 1736 1
1516 2228 -83
1516 2775 -66
1517 2991 -87
1518 1567 47
1518 1654 -7
1518 1705 51
1518 1736 1
1519 2148 -72
1520 1736 1
1520 1756 -99
1520 2092 20
1520 2351 -89
1520 2570 5
1521 2904 70
1522 1736 1
1522 1814 66
1523 1579 -25
1523 1736 1
1523 1922 73
1523 2202 31
1523 2878 -14
1524 2647 12
1524 2757 46
1525 1736 1
1525 1956 79
1526 1736 1
1526 2019 40
1526 2045 39
1526 2322 39
1526 2410 -93
1527 1616 52
1527 1736 1
1528 2054 -8
1528 2537 95
1528 2817 -4
1529 1736 1
1529 1781 22
1530 1788 19
1530 2295 -69
1531 1736 1
1531 2599 78
1532 1768 57
1534 1736 1
1534 2839 85
1535 1694 -66
1535 2262 -42
1536 1736 1
1536 2146 -1
1537 1736 1
1537 1909 -3
1537 2731 -16
1538 1604 -9
1538 1736 1
1538 1811 3
1538 2444 36
1539 1574 -73
1539 1736 1
1539 2767 -54
1540 1736 1
1540 2318 1
1541 2786 90
1542 1736 1
1542 2001 95
1543 1736 1
1543 2345 73
1544 1803 91
1545 1736 1
1545 2097 -81
1546 1637 -59
1546 1736 1
1546 2286 19
1546 2913 92
1547 2072 19
1548 1736 1
1548 2218 35
1548 2624 13
1550 2318 -30
1551 1736 1
1551 2466 -30
1552 1736 1
1552 2505 96
1553 1736 1
1553 1922 -9
1553 2573 55
1554 1675 -99
1554 1736 1
1554 1857 -63
1554 2616 90
1555 1736 1
1555 1944 71
1555 2175 100
1555 2547 25
1555 2586 89
1556 2542 -19
1558 1736 1
1558 1812 -85
1559 1736 1
1559 2725 -34
1560 1653 4
1560 2089 4
1562 1721 33
1562 1736 1
1562 2581 -20
1562 2960 -76
1563 1736 1
1563 1888 91
1563 1928 -48
1566 1736 1
1566 2739 -26
1566 2816 16
1566 2947 2
1567 1736 1
1567 2795 52
1567 2805 68
1568 2036 -3
1569 2444 60
1571 1736 1
1571 2676 6
1572 1736 1
1572 2856 25
1573 2835 -95
1574 1736 1
1575 1749 -100
1576 2052 10
1576 2907 24
1577 1736 1
1577 2284 25
1578 1736 1
1578 2001 -3
1578 2917 -78
1579 1736 1
1580 1711 -52
1580 1736 1
1580 2839 82
1581 1736 1
1581 2143 35
1582 1736 1
1582 2426 65
1583 1736 1
1584 1736 1
1584 2644 -92
1584 2841 -10
1585 2965 -7
1586 1736 1
1586 2478 58
1586 2718 -55
1586 2798 -61
1587 1736 1
1587 2788 -80
1588 1736 1
1588 1763 31
1589 1736 1
1589 2185 81
1589 2472 98
1589 2505 -66
1589 2760 71
1590 1736 1
1590 2546 63
1591 1736 1
1591 2850 -16
1592 1736 1
1592 2546 -68
1592 2846 76
1593 1736 1
1593 2542 -28
1593 2596 23
1593 2774 -67
1594 1736 1
1595 1736 1
1595 2518 -10
1595 2919 -74
1597 1680 43
1597 1736 1
1597 2610 15
1598 1736 1
1598 2247 -52
1598 2561 -22
1599 1736 1
1599 2644 17
1599 2749 -95
1600 2169 -65
1601 1652 -21
1601 1736 1
1602 1736 1
1602 2283 34
1602 2483 84
1603 1736 1
1603 2141 94
1603 2340 14
1604 2771 88
1605 1736 1
1605 2287 -2
1607 1736 1
1607 2195 73
1607 2788 7
1608 2109 -95
1609 1736 1
1610 2176 4
1610 2446 -21
1611 2931 -99
1612 1736 1
1612 2295 32
1612 2523 -18
1613 1736 1
1613 1803 -55
1614 1736 1
1615 1733 46
1615 1736 1
1615 2742 77
1616 1736 1
1616 1973 77
1616 2115 37
1616 2261 85
1617 1736 1
1617 2365 11
1618 2547 39
1619 1736 1
1619 2159 -48
1620 1703 9
1620 1736 1
1620 2568 87
1620 2870 -41
1621 1736 1
1621 2360 91
1621 2611 -78
1622 1736 1
1622 2933 -63
1623 1941 -42
1624 1736 1
1626 1736 1
1626 1797 -36
1626 1920 -58
1626 2605 -42
1627 1657 99
1627 1736 1
1627 2627 -68
1628 1736 1
1628 2361 -88
1628 2421 74
1628 2482 -58
1628 2916 -94
1629 1736 1
1630 1736 1
1632 1736 1
1632 2269 -100
1634 1736 1
1635 1736 1
1635 1900 8
1635 2264 -16
1636 1736 1
1637 1736 1
1638 1660 49
1638 1736 1
1639 2451 34
1639 2900 88
1640 1718 10
1641 2379 56
1641 2895 -45
1642 1736 1
1643 1736 1
1643 1838 73
1643 2252 -25
1643 2275 -74
1643 2608 -31
1644 1736 1
1645 1736 1
1645 1969 96
1645 2300 -59
1645 2655 64
1646 1736 1
1646 1871 -82
1647 1777 -46
1647 1948 58
1647 2898 57
1648 1894 -53
1650 1911 32
1651 1736 1
1651 1838 -32
1651 2020 -33
1652 1736 1
1653 1736 1
1653 2371 58
1654 1736 1
1655 1736 1
1655 2397 -13
1656 1672 -100
1656 1736 1
1656 1738 -85
1656 2535 -81
1656 2747 -93
1657 1736 1
1657 2437 -15
1658 2613 -10
1659 1736 1
1659 2330 -79
1659 2809 -69
1660 1736 1
1661 1736 1
1661 2229 -59
1661 2247 58
1663 1736 1
1663 2558 -43
1663 2711 -68
1664 1699 -83
1664 1736 1
1664 2132 91
1664 2515 4
1665 1736 1
1665 1827 -11
1666 1929 79
1666 2141 -98
1667 1736 1
1667 1809 12
1667 2132 -80
1667 2432 -29
1667 2546 -7
1668 1865 4
1668 2663 62
1669 2683 -3
1669 2995 84
1670 1783 -93
1670 2010 92
1671 2525 11
1673 2902 50
1674 1736 1
1675 1736 1
1675 2015 40
1676 1736 1
1676 2942 18
1677 1736 1
1677 2446 76
1677 2963 67
1678 1736 1
1678 1740 25
1678 2044 9
1678 2134 -66
1678 2461 -6
1679 1736 1
1679 1867 -32
1679 2183 -40
1681 1736 1
1681 1808 88
1681 1851 29
1681 2243 3
1682 1736 1
1683 1736 1
1684 1736 1
1684 2290 -49
1684 2374 94
1684 2928 35
1685 1910 62
1685 1955 -32
1685 2226 87
1685 2684 -72
1686 1736 1
1686 2345 95
1686 2442 10
1686 2901 65
1687 1765 -84
1688 1736 1
1689 1736 1
1689 2408 56
1689 2561 85
1690 2806 94
1691 1736 1
1691 2013 -31
1692 1736 1
1692 2414 15
1692 2909 -8
1693 1736 1
1693 2285 -79
1693 2719 -85
1695 2138 58
1695 2613 38
1696 2331 -38
1699 1736 1
1700 1736 1
1700 2210 2
1700 2370 -63
1701 1736 1
1701 2282 -27
1702 1736 1
1702 2017 -78
1703 1736 1
1704 1736 1
1705 1736 1
1705 2456 -16
1705 2570 90
1706 1736 1
1707 1736 1
1708 1903 -4
1709 1736 1
1709 2730 -30
1710 2585 -36
1711 1736 1
1711 1834 -12
1711 2891 67
1712 1863 75
1713 1736 1
1714 2312 -69
1715 1736 1
1715 2013 62
1716 1736 1
1716 1921 100
1716 2966 -1
1717 2648 36
1718 2507 -45
1718 2681 -15
1719 1736 1
1719 2651 66
1720 1736 1
1721 1736 1
1721 2209 3
1722 1736 1
1722 2454 88
1723 2127 81
1724 1736 1
1725 1736 1
1725 1825 55
1726 1736 1
1726 2357 -9
1726 2455 -2
1727 1736 1
1727 2872 28
1728 1736 1
1728 2395 95
1728 2613 -28
1728 2918 -27
1729 1736 1
1729 1777 -94
1729 2477 -88
1729 2736 91
1730 1736 1
1731 1736 1
1731 1853 37
1732 1736 1
1732 2649 44
1734 1736 1
1734 1770 -32
1734 2469 -4
1734 2630 64
1734 2709 34
1735 1736 1
1736 1737 1
1736 1738 1
1736 1740 1
1736 1742 1
1736 1745 1
1736 1746 1
1736 1747 1
1736 1748 1
1736 1750 1
1736 1751 1
1736 1752 1
1736 1753 1
1736 1754 1
1736 1755 1
1736 1756 1
1736 1759 1
1736 1760 1
1736 1761 1
1736 1762 1
1736 1763 1
1736 1764 1
1736 1766 1
1736 1767 1
1736 1769 1
1736 1770 1
1736 1771 1
1736 1774 1
1736 1775 1
1736 1776 1
1736 1777 1
1736 1778 1
1736 1780 1
1736 1781 1
1736 1782 1
1736 1784 1
1736 1786 1
1736 1787 1
1736 1788 1
1736 1789 1
1736 1790 1
1736 1791 1
1736 1793 1
1736 1795 1
1736 1796 1
1736 1797 1
1736 1800 1
1736 1802 1
1736 1803 1
1736 1807 1
1736 1808 1
1736 1810 1
1736 1811 1
1736 1812 1
1736 1814 1
1736 1815 1
1736 1816 1
1736 1817 1
1736 1819 1
1736 1820 1
1736 1822 1
1736 1823 1
1736 1824 1
1736 1826 1
1736 1827 1
1736 1828 1
1736 1832 1
1736 1833 1
1736 1834 1
1736 1835 1
1736 1838 1
1736 1839 1
1736 1840 1
1736 1842 1
1736 1843 1
1736 1844 1
1736 1845 1
1736 1846 1
1736 1847 1
1736 1849 1
1736 1850 1
1736 1851 1
1736 1852 1
1736 1856 1
1736 1857 1
1736 1858 1
1736 1859 1
1736 1860 1
1736 1861 1
1736 1863 1
1736 1864 1
1736 1865 1
1736 1868 1
1736 1871 1
1736 1872 1
1736 1873 1
1736 1876 1
1736 1877 1
1736 1880 1
1736 1883 1
1736 1884 1
1736 1885 1
1736 1886 1
1736 1888 1
1736 1889 1
1736 1890 1
1736 1891 1
1736 1892 1
1736 1893 1
1736 1895 1
1736 1899 1
1736 1901 1
1736 1902 1
1736 1904 1
1736 1906 1
1736 1908 1
1736 1909 1
1736 1911 1
1736 1912 1
1736 1914 1
1736 1915 1
1736 1916 1
1736 1917 1
1736 1920 1
1736 1921 1
1736 1922 1
1736 1923 1
1736 1926 1
1736 1927 1
1736 1928 1
1736 1929 1
1736 1930 1
1736 1932 1
1736 1933 1
1736 1934 1
1736 1935 1
1736 1937 1
1736 1940 1
1736 1941 1
1736 1942 1
1736 1943 1
1736 1944 1
1736 1946 1
1736 1947 1
1736 1948 1
1736 1950 1
1736 1951 1
1736 1952 1
1736 1954 1
1736 1955 1
1736 1956 1
1736 1957 1
1736 1958 1
1736 1959 1
1736 1960 1
1736 1961 1
1736 1962 1
1736 1965 1
1736 1966 1
1736 1967 1
1736 1969 1
1736 1970 1
1736 1971 1
1736 1974 1
1736 1975 1
1736 1976 1
1736 1977 1
1736 1978 1
1736 1979 1
1736 1983 1
1736 1984 1
1736 1985 1
1736 1989 1
1736 1990 1
1736 1992 1
1736 1994 1
1736 1995 1
1736 1997 1
1736 1998 1
1736 1999 1
1736 2000 1
1736 2001 1
1736 2002 1
1736 2003 1
1736 2010 1
1736 2012 1
1736 2013 1
1736 2015 1
1736 2016 1
1736 2019 1
1736 2020 1
1736 2021 1
1736 2022 1
1736 2025 1
1736 2027 1
1736 2028 1
1736 2032 1
1736 2033 1
1736 2034 1
1736 2035 1
1736 2036 1
1736 2037 1
1736 2038 1
1736 2039 1
1736 2040 1
1736 2041 1
1736 2042 1
1736 2043 1
1736 2044 1
1736 2045 1
1736 2046 1
1736 2047 1
1736 2050 1
1736 2051 1
1736 2053 1
1736 2056 1
1736 2057 1
1736 2058 1
1736 2061 1
1736 2062 1
1736 2064 1
1736 2065 1
1736 2066 1
1736 2069 1
1736 2070 1
1736 2072 1
1736 2073 1
1736 2074 1
1736 2077 1
1736 2079 1
1736 2080 1
1736 2081 1
1736 2082 1
1736 2084 1
1736 2085 1
1736 2087 1
1736 2090 1
1736 2091 1
1736 2094 1
1736 2095 1
1736 2096 1
1736 2097 1
1736 2098 1
1736 2100 1
1736 2109 1
1736 2110 1
1736 2111 1
1736 2112 1
1736 2114 1
1736 2115 1
1736 2116 1
1736 2117 1
1736 2119 1
1736 2121 1
1736 2122 1
1736 2123 1
1736 2125 1
1736 2126 1
1736 2128 1
1736 2129 1
1736 2130 1
1736 2131 1
1736 2132 1
1736 2135 1
1736 2136 1
1736 2137 1
1736 2139 1
1736 2144 1
1736 2145 1
1736 2146 1
1736 2148 1
1736 2150 1
1736 2154 1
1736 2155 1
1736 2156 1
1736 2157 1
1736 2158 1
1736 2159 1
1736 2161 1
1736 2163 1
1736 2164 1
1736 2165 1
1736 2166 1
1736 2167 1
1736 2168 1
1736 2169 1
1736 2170 1
1736 2174 1
1736 2176 1
1736 2177 1
1736 2178 1
1736 2179 1
1736 2180 1
1736 2183 1
1736 2184 1
1736 2185 1
1736 2186 1
1736 2187 1
1736 2188 1
1736 2191 1
1736 2194 1
1736 2195 1
1736 2198 1
1736 2199 1
1736 2200 1
1736 2201 1
1736 2202 1
1736 2203 1
1736 2204 1
1736 2206 1
1736 2207 1
1736 2209 1
1736 2210 1
1736 2211 1
1736 2214 1
1736 2217 1
1736 2219 1
1736 2220 1
1736 2221 1
1736 2222 1
1736 2223 1
1736 2227 1
1736 2228 1
1736 2230 1
1736 2232 1
1736 2233 1
1736 2235 1
1736 2237 1
1736 2238 1
1736 2239 1
1736 2241 1
1736 2242 1
1736 2243 1
1736 2246 1
1736 2247 1
1736 2248 1
1736 2250 1
1736 2251 1
1736 2252 1
1736 2253 1
1736 2254 1
1736 2255 1
1736 2256 1
1736 2259 1
1736 2261 1
1736 2263 1
1736 2264 1
1736 2267 1
1736 2268 1
1736 2269 1
1736 2270 1
1736 2271 1
1736 2276 1
1736 2277 1
1736 2283 1
1736 2284 1
1736 2285 1
1736 2287 1
1736 2288 1
1736 2290 1
1736 2291 1
1736 2292 1
1736 2293 1
1736 2294 1
1736 2295 1
1736 2296 1
1736 2298 1
1736 2299 1
1736 2300 1
1736 2303 1
1736 2304 1
1736 2305 1
1736 2306 1
1736 2310 1
1736 2311 1
1736 2313 1
1736 2314 1
1736 2316 1
1736 2317 1
1736 2318 1
1736 2319 1
1736 2320 1
1736 2321 1
1736 2322 1
1736 2326 1
1736 2327 1
1736 2328 1
1736 2329 1
1736 2330 1
1736 2331 1
1736 2333 1
1736 2334 1
1736 2336 1
1736 2338 1
1736 2339 1
1736 2340 1
1736 2341 1
1736 2342 1
1736 2344 1
1736 2345 1
1736 2346 1
1736 2349 1
1736 2350 1
1736 2352 1
1736 2354 1
1736 2355 1
1736 2356 1
1736 2357 1
1736 2358 1
1736 2359 1
1736 2360 1
1736 2362 1
1736 2363 1
1736 2365 1
1736 2368 1
1736 2369 1
1736 2370 1
1736 2371 1
1736 2374 1
1736 2375 1
1736 2376 1
1736 2378 1
1736 2381 1
1736 2382 1
1736 2383 1
1736 2384 1
1736 2385 1
1736 2388 1
1736 2389 1
1736 2392 1
1736 2393 1
1736 2394 1
1736 2395 1
1736 2396 1
1736 2397 1
1736 2399 1
1736 2400 1
1736 2401 1
1736 2402 1
1736 2403 1
1736 2404 1
1736 2405 1
1736 2406 1
1736 2408 1
1736 2409 1
1736 2410 1
1736 2411 1
1736 2414 1
1736 2417 1
1736 2419 1
1736 2421 1
1736 2423 1
1736 2425 1
1736 2426 1
1736 2428 1
1736 2429 1
1736 2430 1
1736 2431 1
1736 2433 1
1736 2434 1
1736 2437 1
1736 2439 1
1736 2440 1
1736 2441 1
1736 2442 1
1736 2443 1
1736 2444 1
1736 2448 1
1736 2449 1
1736 2450 1
1736 2452 1
1736 2453 1
1736 2455 1
1736 2456 1
1736 2457 1
1736 2458 1
1736 2459 1
1736 2461 1
1736 2462 1
1736 2463 1
1736 2466 1
1736 2467 1
1736 2469 1
1736 2470 1
1736 2471 1
1736 2472 1
1736 2473 1
1736 2475 1
1736 2476 1
1736 2477 1
1736 2478 1
1736 2479 1
1736 2482 1
1736 2483 1
1736 2484 1
1736 2487 1
1736 2488 1
1736 2490 1
1736 2491 1
1736 2492 1
1736 2494 1
1736 2495 1
1736 2496 1
1736 2497 1
1736 2498 1
1736 2499 1
1736 2500 1
1736 2501 1
1736 2502 1
1736 2505 1
1736 2506 1
1736 2507 1
1736 2509 1
1736 2512 1
1736 2513 1
1736 2514 1
1736 2515 1
1736 2517 1
1736 2520 1
1736 2521 1
1736 2522 1
1736 2523 1
1736 2524 1
1736 2525 1
1736 2528 1
1736 2531 1
1736 2532 1
1736 2534 1
1736 2535 1
1736 2536 1
1736 2539 1
1736 2540 1
1736 2541 1
1736 2543 1
1736 2544 1
1736 2545 1
1736 2546 1
1736 2548 1
1736 2549 1
1736 2550 1
1736 2551 1
1736 2552 1
1736 2553 1
1736 2554 1
1736 2557 1
1736 2558 1
1736 2560 1
1736 2561 1
1736 2563 1
1736 2564 1
1736 2565 1
1736 2566 1
1736 2568 1
1736 2569 1
1736 2570 1
1736 2571 1
1736 2572 1
1736 2573 1
1736 2574 1
1736 2575 1
1736 2579 1
1736 2581 1
1736 2583 1
1736 2586 1
1736 2588 1
1736 2589 1
1736 2590 1
1736 2592 1
1736 2593 1
1736 2595 1
1736 2596 1
1736 2597 1
1736 2598 1
1736 2599 1
1736 2600 1
1736 2601 1
1736 2602 1
1736 2603 1
1736 2604 1
1736 2605 1
1736 2606 1
1736 2610 1
1736 2611 1
1736 2612 1
1736 2614 1
1736 2615 1
1736 2616 1
1736 2617 1
1736 2618 1
1736 2619 1
1736 2620 1
1736 2621 1
1736 2622 1
1736 2623 1
1736 2624 1
1736 2627 1
1736 2628 1
1736 2629 1
1736 2630 1
1736 2631 1
1736 2633 1
1736 2634 1
1736 2635 1
1736 2639 1
1736 2641 1
1736 2642 1
1736 2643 1
1736 2644 1
1736 2645 1
1736 2648 1
1736 2649 1
1736 2651 1
1736 2653 1
1736 2654 1
1736 2658 1
1736 2659 1
1736 2661 1
1736 2662 1
1736 2663 1
1736 2664 1
1736 2665 1
1736 2667 1
1736 2668 1
1736 2669 1
1736 2670 1
1736 2671 1
1736 2672 1
1736 2674 1
1736 2675 1
1736 2676 1
1736 2678 1
1736 2680 1
1736 2682 1
1736 2683 1
1736 2684 1
1736 2689 1
1736 2690 1
1736 2693 1
1736 2694 1
1736 2698 1
1736 2700 1
1736 2701 1
1736 2702 1
1736 2703 1
1736 2704 1
1736 2705 1
1736 2706 1
1736 2708 1
1736 2711 1
1736 2712 1
1736 2715 1
1736 2716 1
1736 2717 1
1736 2719 1
1736 2720 1
1736 2721 1
1736 2722 1
1736 2723 1
1736 2724 1
1736 2725 1
1736 2727 1
1736 2728 1
1736 2729 1
1736 2730 1
1736 2734 1
1736 2735 1
1736 2736 1
1736 2737 1
1736 2738 1
1736 2739 1
1736 2740 1
1736 2742 1
1736 2743 1
1736 2744 1
1736 2746 1
1736 2747 1
1736 2750 1
1736 2751 1
1736 2752 1
1736 2753 1
1736 2754 1
1736 2755 1
1736 2758 1
1736 2759 1
1736 2760 1
1736 2761 1
1736 2763 1
1736 2764 1
1736 2766 1
1736 2767 1
1736 2769 1
1736 2770 1
1736 2772 1
1736 2775 1
1736 2776 1
1736 2777 1
1736 2779 1
1736 2780 1
1736 2782 1
1736 2783 1
1736 2784 1
1736 2785 1
1736 2787 1
1736 2788 1
1736 2789 1
1736 2790 1
1736 2791 1
1736 2792 1
1736 2795 1
1736 2798 1
1736 2804 1
1736 2805 1
1736 2808 1
1736 2809 1
1736 2811 1
1736 2812 1
1736 2814 1
1736 2815 1
1736 2816 1
1736 2817 1
1736 2818 1
1736 2820 1
1736 2822 1
1736 2823 1
1736 2825 1
1736 2827 1
1736 2829 1
1736 2830 1
1736 2833 1
1736 2834 1
1736 2835 1
1736 2838 1
1736 2839 1
1736 2840 1
1736 2841 1
1736 2844 1
1736 2845 1
1736 2846 1
1736 2847 1
1736 2848 1
1736 2849 1
1736 2850 1
1736 2853 1
1736 2854 1
1736 2856 1
1736 2857 1
1736 2860 1
1736 2861 1
1736 2863 1
1736 2865 1
1736 2866 1
1736 2867 1
1736 2868 1
1736 2870 1
1736 2872 1
1736 2875 1
1736 2876 1
1736 2877 1
1736 2878 1
1736 2882 1
1736 2883 1
1736 2884 1
1736 2885 1
1736 2886 1
1736 2887 1
1736 2888 1
1736 2890 1
1736 2892 1
1736 2893 1
1736 2894 1
1736 2899 1
1736 2901 1
1736 2902 1
1736 2903 1
1736 2904 1
1736 2906 1
1736 2908 1
1736 2909 1
1736 2912 1
1736 2915 1
1736 2916 1
1736 2917 1
1736 2919 1
1736 2920 1
1736 2923 1
1736 2924 1
1736 2926 1
1736 2927 1
1736 2928 1
1736 2931 1
1736 2933 1
1736 2935 1
1736 2937 1
1736 2940 1
1736 2941 1
1736 2942 1
1736 2943 1
1736 2944 1
1736 2945 1
1736 2947 1
1736 2948 1
1736 2950 1
1736 2952 1
1736 2954 1
1736 2955 1
1736 2956 1
1736 2958 1
1736 2959 1
1736 2960 1
1736 2961 1
1736 2962 1
1736 2963 1
1736 2964 1
1736 2966 1
1736 2967 1
1736 2968 1
1736 2969 1
1736 2970 1
1736 2972 1
1736 2973 1
1736 2974 1
1736 2975 1
1736 2976 1
1736 2977 1
1736 2978 1
1736 2979 1
1736 2982 1
1736 2983 1
1736 2985 1
1736 2986 1
1736 2987 1
1736 2990 1
1736 2991 1
1736 2992 1
1736 2993 1
1736 2994 1
1736 2995 1
1736 2996 1
1736 2998 1
1736 3000 1
1737 1827 -16
1737 2402 72
1738 2449 -69
1740 2169 75
1740 2186 -68
1741 2254 -19
1741 2883 59
1745 2565 -80
1747 2785 -15
1748 1750 70
1748 2292 -40
1748 2535 -27
1750 1788 51
1751 2154 80
1752 1765 -7
1752 2912 89
1754 1933 -46
1754 2513 82
1757 2227 62
1759 2992 -27
1761 2194 8
1761 2872 -59
1761 2874 23
1766 1834 68
1766 2931 59
1767 2346 43
1768 2196 -96
1769 2893 78
1770 1797 -96
1773 2549 -39
1774 2338 -83
1775 1997 38
1775 2990 58
1778 2782 -95
1779 2037 100
1780 1923 65
1781 1899 -13
1782 2649 -46
1784 2300 87
1789 1954 -88
1792 2606 -86
1793 1925 71
1793 1944 -9
1793 2271 -8
1794 1839 52
1796 2346 -45
1797 2444 -43
1797 2466 22
1799 2698 -39
1801 2225 73
1804 1839 32
1806 2023 89
1809 2357 78
1812 2223 -71
1815 2766 -75
1817 1887 41
1817 2346 -54
1817 2364 -12
1817 2429 4
1818 2754 -99
1819 2187 -33
1822 1954 49
1823 2669 -31
1824 1994 71
1824 2511 4
1824 2554 -23
1826 1966 20
1826 2320 -8
1826 2446 -69
1828 1883 -89
1828 2079 8
1831 2582 84
1832 2588 -14
1834 2269 43
1835 1962 43
1835 2319 -41
1836 2279 20
1837 2465 44
1838 2963 -40
1839 2039 -98
1839 2139 13
1840 2604 1
1841 2593 30
1842 2790 -26
1843 2305 51
1843 2562 45
1845 2737 -77
1846 2303 -45
1850 2635 87
1851 1942 92
1852 1909 -48
1856 2040 -25
1856 2389 -63
1856 2487 -2
1857 2405 54
1857 2884 -51
1858 2000 -31
1858 2946 -21
1859 2926 -97
1860 2546 25
1862 2282 5
1863 2136 -65
1863 2545 62
1864 2944 -91
1868 2289 22
1868 2400 -38
1869 2391 -34
1871 2093 59
1871 2227 95
1872 1901 -55
1872 2061 16
1872 2137 43
1872 2355 -42
1872 2894 -20
1873 2915 93
1874 2307 78
1875 2386 -71
1876 2085 74
1876 2404 -91
1877 1989 -84
1884 2181 -84
1884 2242 -8
1884 2762 -71
1885 2057 -83
1885 2738 21
1885 2778 -86
1886 2635 52
1887 2103 -98
1889 2145 73
1889 2816 -44
1890 2628 68
1892 2130 80
1892 2233 -67
1892 2248 -59
1893 2186 -82
1894 2555 98
1894 2883 -43
1895 2096 -84
1895 2359 29
1895 2441 -49
1895 2475 54
1895 2534 99
1896 1951 77
1897 2870 -73
1898 2564 90
1901 2524 -57
1903 2160 76
1905 2292 20
1906 2596 -81
1906 2682 12
1907 2231 -87
1908 2190 -29
1908 2840 -53
1911 2688 90
1911 2748 -18
1911 2866 -78
1911 3000 18
1913 2735 -47
1915 2551 -89
1917 2539 15
1919 2382 21
1921 2669 13
1922 2050 -80
1922 2706 -88
1923 2167 -18
1926 2478 92
1927 2519 36
1928 1954 -62
1928 2069 57
1929 2113 17
1929 2118 80
1929 2509 -53
1930 2236 86
1932 2037 12
1933 2070 -6
1937 2937 -5
1938 2717 -22
1939 2518 36
1939 2936 85
1941 2865 43
1942 2473 -48
1946 2045 21
1948 2272 53
1949 2323 5
1950 2613 58
1950 2992 -49
1951 2311 -48
1951 2593 -52
1951 2667 70
1951 2985 16
1952 2220 -26
1952 2805 96
1952 2876 -10
1953 2460 54
1954 2039 -33
1955 2037 -14
1955 2856 -79
1956 2738 -30
1956 2897 62
1957 2545 -19
1959 2926 -9
1961 2453 -3
1962 2428 76
1963 2813 -67
1964 2008 23
1965 2787 41
1966 2338 52
1966 2343 3
1966 2769 5
1966 2860 69
1967 2581 -62
1970 2589 -84
1971 2085 -95
1972 2148 -34
1974 2947 18
1975 2684 50
1979 2416 -94
1979 2694 -17
1981 1991 -4
1981 2069 -52
1982 2836 61
1983 2940 -27
1985 2892 14
1988 2507 -51
1989 2045 -3
1989 2601 -81
1990 2466 8
1990 2789 -88
1992 2053 -39
1992 2841 -59
1993 2311 16
1995 2620 75
1996 2533 11
1997 2806 54
1998 2595 4
2000 2087 -87
2001 2760 42
2002 2354 69
2002 2536 44
2002 2794 -38
2003 2055 -69
2004 3000 -25
2005 2493 -72
2006 2802 -93
2007 2332 93
2008 2420 -54
2009 2603 -47
2010 2114 53
2010 2713 13
2011 2768 -20
2013 2237 -47
2013 2993 -16
2014 2387 -40
2016 2270 -39
2017 2161 -16
2020 2699 -45
2020 2886 -36
2021 2348 -30
2022 2263 76
2024 2211 34
2024 2486 -7
2025 2272 -64
2025 2975 60
2028 2306 70
2028 2569 56
2032 2612 -8
2032 2755 66
2033 2219 -67
2036 2816 31
2038 2473 -95
2039 2252 34
2043 2776 -63
2043 2986 52
2045 2067 -72
2047 2400 -17
2048 2213 -99
2048 2493 -84
2051 2986 85
2053 2777 -23
2054 2128 15
2054 2861 18
2056 2908 -25
2058 2199 99
2058 2737 -53
2059 2807 98
2059 2831 -21
2061 2784 94
2061 2917 -80
2064 2176 -16
2064 2924 -66
2068 2306 2
2070 2352 86
2070 2424 -60
2070 2672 -41
2074 2754 -43
2075 2652 -25
2076 2348 89
2076 2915 78
2077 2575 11
2079 2770 -45
2082 2334 -4
2082 2343 -95
2083 2567 -83
2083 2752 2
2084 2392 75
2086 2886 88
2089 2885 -94
2090 2379 10
2090 2958 -3
2091 2469 -79
2096 2544 -64
2098 2395 11
2102 2499 -9
2103 2210 55
2103 2447 25
2103 2786 -42
2106 2269 94
2111 2295 -42
2112 2541 77
2114 2159 33
2114 2423 5
2115 2317 -28
2115 2642 -11
2115 2959 59
2116 2772 80
2117 2492 -62
2118 2160 3
2119 2973 -44
2120 2478 34
2126 2491 -79
2126 2766 -33
2129 2298 1
2129 2926 -6
2130 2792 -97
2132 2733 -18
2134 2504 -42
2135 2566 -77
2137 2256 21
2138 2783 98
2141 2650 -75
2142 2623 90
2143 2862 -14
2145 2834 -23
2146 2237 -67
2146 2864 45
2147 2334 36
2149 2693 -64
2155 2163 -99
2155 2873 34
2157 2902 87
2158 2358 49
2158 2569 21
2158 2685 -24
2160 2819 -68
2161 2659 21
2162 2451 73
2166 2368 -35
2166 2492 98
2166 2827 21
2167 2206 -62
2167 2649 -38
2167 2752 54
2168 2277 85
2169 2363 86
2170 2202 1
2171 2223 -85
2171 2999 -1
2172 2340 5
2174 2498 -92
2175 2930 12
2177 2303 -67
2177 2606 10
2179 2370 47
2180 2615 80
2183 2708 23
2185 2644 46
2187 2417 -52
2188 2776 40
2190 2318 -94
2190 2344 17
2190 2633 -90
2190 2705 -65
2190 2797 61
2191 2622 -87
2193 2705 -11
2194 2712 39
2194 2773 6
2196 2863 18
2198 2458 58
2199 2427 -47
2200 2728 -99
2201 2880 -60
2202 2814 62
2203 2375 -47
2203 2617 -85
2203 2781 -30
2203 2886 82
2204 2354 12
2204 2357 76
2204 2838 -37
2206 2221 72
2206 2428 31
2207 2499 78
2207 2531 -42
2209 2352 -70
2209 2396 68
2210 2311 20
2211 2932 -6
2214 2223 53
2216 2217 -31
2216 2230 -75
2218 2532 88
2218 2793 -11
2220 2829 8
2222 2749 -85
2222 2805 -58
2222 2888 91
2224 2981 -44
2227 2347 -74
2230 2678 -76
2236 2498 -28
2237 2920 64
2237 2982 23
2239 2412 78
2239 2515 86
2239 2548 -22
2239 2594 61
2239 2745 -61
2241 2776 -39
2243 2393 -14
2244 2997 -27
2245 2818 -51
2245 2831 45
2246 2506 67
2250 2987 -31
2251 2857 -19
2253 2811 -5
2254 2734 28
2254 2839 -72
2255 2893 -99
2260 2562 11
2263 2497 -67
2266 2564 10
2271 2435 -24
2271 2554 31
2273 2805 49
2274 2978 -45
2276 2598 86
2279 2402 50
2281 2526 40
2281 2805 -23
2282 2593 80
2286 2742 17
2288 2886 35
2289 2315 86
2289 2583 -91
2289 2765 -65
2291 2293 -72
2291 2583 -1
2292 2344 -46
2293 2471 -27
2293 2489 13
2293 2698 82
2300 2787 98
2303 2597 12
2303 3000 62
2304 2737 -30
2306 2441 75
2307 2501 -45
2308 2575 -85
2310 2579 -39
2311 2856 17
2311 2872 14
2312 2626 41
2314 2461 -38
2314 2925 -84
2315 2522 -96
2315 2584 -95
2316 2461 -93
2318 2651 94
2319 2829 13
2321 2669 -8
2324 2545 -31
2326 2335 80
2326 2884 -96
2328 2977 -86
2333 2459 -48
2334 2522 80
2335 2552 -3
2337 2794 94
2341 2878 -91
2344 2361 82
2350 2979 22
2352 2781 72
2353 2578 -11
2354 2444 82
2356 2882 -76
2357 2531 -12
2357 2965 -68
2359 2954 27
2362 2979 84
2363 2533 -40
2363 2576 -37
2363 2693 -75
2367 2752 4
2367 2989 70
2372 2923 -95
2373 2837 2
2378 2592 -83
2378 2815 -85
2380 2975 -75
2382 2522 35
2384 2876 27
2384 2957 -30
2385 2863 2
2386 2483 -8
2389 2711 35
2391 2896 78
2391 2915 19
2392 2592 24
2392 2603 6
2394 2614 -76
2394 2732 28
2395 2827 -85
2399 2829 95
2401 2684 -49
2402 2552 23
2404 2940 20
2405 2849 4
2406 2785 -28
2407 2684 -12
2407 2976 6
2412 2738 100
2413 2852 -7
2416 2623 85
2416 2679 19
2416 2938 -57
2417 2523 10
2418 2809 28
2419 2479 -83
2419 2500 53
2422 2757 7
2429 2661 67
2430 2826 72
2435 2893 -64
2437 2560 9
2438 2514 -61
2438 2929 -64
2441 2941 -56
2441 2974 56
2442 2471 -21
2444 2704 64
2445 2515 90
2446 2587 48
2446 2636 9
2454 2900 26
2456 2532 99
2457 2534 68
2459 2595 86
2460 2576 -35
2462 2763 -63
2464 2524 66
2467 2833 -47
2471 2682 12
2471 2731 -5
2476 2496 26
2480 2638 68
2482 2825 18
2484 2841 77
2488 2621 -67
2490 2604 -22
2492 2602 -71
2493 2542 -95
2495 2503 -88
2496 2991 94
2498 2793 66
2498 2963 44
2499 2500 -82
2502 2613 45
2510 2746 25
2510 2808 -54
2513 2748 81
2514 2941 59
2515 2740 -78
2524 2705 4
2525 2723 -100
2529 2662 42
2532 2730 57
2533 2821 31
2537 2989 96
2540 2822 20
2544 2716 -43
2545 2693 -55
2546 2783 -92
2549 2826 39
2551 2747 76
2551 2854 43
2553 2633 -70
2556 2607 15
2556 2919 -34
2557 2959 24
2562 2900 98
2563 2987 57
2570 2646 82
2573 2998 45
2574 2992 -33
2576 2609 -72
2578 2726 17
2586 2616 58
2586 2620 -75
2586 2650 -26
2593 2912 -93
2593 2949 100
2607 2864 88
2614 2684 -18
2616 2945 41
2617 2623 -42
2624 2683 95
2625 2858 13
2625 2947 -70
2628 2643 83
2633 2723 25
2635 2791 -47
2646 2729 -56
2646 2833 39
2646 2862 100
2648 2795 -45
2663 2804 -30
2663 2984 -27
2676 2916 9
2678 2868 68
2697 2711 -91
2698 2887 -100
2701 2705 8
2707 2834 -75
2708 2721 95
2710 2919 -8
2712 2882 71
2713 2756 -22
2718 2988 24
2721 2832 29
2724 2920 -6
2742 2909 -55
2744 2845 89
2746 2815 25
2752 2827 24
2758 2915 34
2773 2999 24
2780 2840 99
2784 2941 11
2792 2813 -16
2802 2971 -10
2803 2951 -15
2807 2911 -81
2822 2830 -74
2826 2856 -69
2827 2885 60
2827 2890 -7
2834 2845 68
2840 2867 -21
2841 2854 1
2845 2987 69
2848 2991 45
2849 2878 -76
2853 2901 -65
2860 2983 -63
2863 2956 64
2864 2922 -19
2873 2929 86
2893 2927 -25
2897 2946 -17
2902 2926 -80
2904 2944 -75
2916 2920 25
2944 2989 52
2952 2962 1
